city_name,city_id_name,value
银川,中卫,0.09736158528
吴忠,中卫,0.0605713852799999
固原,中卫,0.03602496383999999
阿拉善盟,中卫,0.01907203968
白银,中卫,0.0151575624
石嘴山,中卫,0.0058275676799999
兰州,中卫,0.005650974720000001
西安,中卫,0.00356129136
榆林,中卫,0.0035024270399999
武威,中卫,0.0035024270399999
平凉,中卫,0.0025017335999999997
鄂尔多斯,中卫,0.0021779798399999
海西蒙古族藏族自治州,中卫,0.0017659295999999998
庆阳,中卫,0.00153047232
西宁,中卫,0.0014127436800000003
酒泉,中卫,0.0013833115199999
北京,中卫,0.0012950150400000001
张掖,中卫,0.00120671856
上海,中卫,0.0011772864
巴彦淖尔,中卫,0.00105955776
天水,中卫,0.00100069344
宝鸡,中卫,0.00082410048
重庆,中卫,0.00082410048
咸阳,中卫,0.000735804
定西,中卫,0.0007063718400000001
乌海,中卫,0.0007063718400000001
乌鲁木齐,中卫,0.0007063718400000001
吕梁,中卫,0.00067693968
巴音郭楞蒙古自治州,中卫,0.0005886432
成都,中卫,0.0005886432
渭南,中卫,0.00055921104
海东,中卫,0.00055921104
金昌,中卫,0.00047091456
郑州,中卫,0.00044148239999999996
泰安,中卫,0.00044148239999999996
临夏回族自治州,中卫,0.00041205024
杭州,中卫,0.00041205024
苏州,中卫,0.00041205024
太原,中卫,0.00041205024
徐州,中卫,0.00041205024
襄阳,中卫,0.00038261808
三门峡,中卫,0.00038261808
邢台,中卫,0.00035318592000000007
包头,中卫,0.00032375376000000003
保定,中卫,0.00032375376000000003
哈密,中卫,0.00032375376000000003
临汾,中卫,0.00032375376000000003
天津,中卫,0.00026488944
石家庄,中卫,0.00026488944
十堰,中卫,0.00026488944
新乡,中卫,0.00026488944
邯郸,中卫,0.00023545728
呼和浩特,中卫,0.00023545728
扬州,中卫,0.00023545728
昌吉回族自治州,中卫,0.00023545728
深圳,中卫,0.00023545728
金华,中卫,0.00023545728
嘉峪关,中卫,0.00023545728
延安,中卫,0.00020602512
广州,中卫,0.00020602512
乌兰察布,中卫,0.00020602512
商丘,中卫,0.00020602512
东莞,中卫,0.00017659296000000003
南阳,中卫,0.00017659296000000003
喀什地区,中卫,0.00017659296000000003
长治,中卫,0.00017659296000000003
武汉,中卫,0.00017659296000000003
沧州,中卫,0.00017659296000000003
南京,中卫,0.0001471608
唐山,中卫,0.0001471608
洛阳,中卫,0.0001471608
营口,中卫,0.0001471608
海南藏族自治州,中卫,0.0001471608
阿克苏地区,中卫,0.0001471608
泰州,中卫,0.0001471608
平顶山,中卫,0.0001471608
廊坊,中卫,0.0001471608
铜川,中卫,0.0001471608
常州,中卫,0.0001471608
汉中,中卫,0.0001471608
遵义,中卫,0.00011772864
宿州,中卫,0.00011772864
大连,中卫,0.00011772864
厦门,中卫,0.00011772864
晋中,中卫,0.00011772864
运城,中卫,0.00011772864
甘南藏族自治州,中卫,0.00011772864
佛山,中卫,0.00011772864
绍兴,中卫,0.00011772864
吐鲁番,中卫,0.00011772864
广元,中卫,0.00011772864
昆明,中卫,0.00011772864
淄博,中卫,0.00011772864
伊犁哈萨克自治州,中卫,0.00011772864
济南,中卫,0.00011772864
晋城,中卫,8.829648000000002e-05
乐山,中卫,8.829648000000002e-05
菏泽,中卫,8.829648000000002e-05
周口,中卫,8.829648000000002e-05
忻州,中卫,8.829648000000002e-05
呼和浩特,乌兰察布,0.20090076192
张家口,乌兰察布,0.038857721760000005
包头,乌兰察布,0.03722732784
大同,乌兰察布,0.03627626472
锡林郭勒盟,乌兰察布,0.032562589680000004
北京,乌兰察布,0.017390868480000002
鄂尔多斯,乌兰察布,0.015488742240000002
朔州,乌兰察布,0.0067933080000000005
赤峰,乌兰察布,0.00647628696
天津,乌兰察布,0.00566109
巴彦淖尔,乌兰察布,0.005298780239999999
保定,乌兰察布,0.00326078784
石家庄,乌兰察布,0.0024003021600000002
太原,乌兰察布,0.0023097247199999997
唐山,乌兰察布,0.00212856984
沧州,乌兰察布,0.0019021262399999998
廊坊,乌兰察布,0.0017209713600000003
乌海,乌兰察布,0.00167568264
忻州,乌兰察布,0.00167568264
承德,乌兰察布,0.0013586616
榆林,乌兰察布,0.00122279544
邯郸,乌兰察布,0.0010869292800000001
通辽,乌兰察布,0.0010869292800000001
沈阳,乌兰察布,0.0008604856800000001
晋中,乌兰察布,0.0008604856800000001
呼伦贝尔,乌兰察布,0.00076990824
成都,乌兰察布,0.00076990824
衡水,乌兰察布,0.00076990824
郑州,乌兰察布,0.00072461952
德州,乌兰察布,0.0006793308
西安,乌兰察布,0.00063404208
杭州,乌兰察布,0.00058875336
济宁,乌兰察布,0.00058875336
潍坊,乌兰察布,0.0005434646400000001
运城,乌兰察布,0.0005434646400000001
兴安盟,乌兰察布,0.0005434646400000001
邢台,乌兰察布,0.00049817592
上海,乌兰察布,0.00045288720000000003
苏州,乌兰察布,0.00045288720000000003
重庆,乌兰察布,0.00045288720000000003
临汾,乌兰察布,0.00040759848
阿拉善盟,乌兰察布,0.00040759848
济南,乌兰察布,0.00040759848
吕梁,乌兰察布,0.00036230976
银川,乌兰察布,0.00036230976
大连,乌兰察布,0.00036230976
新乡,乌兰察布,0.00031702104
洛阳,乌兰察布,0.00022644360000000002
滨州,乌兰察布,0.00022644360000000002
周口,乌兰察布,0.00022644360000000002
淄博,乌兰察布,0.00022644360000000002
秦皇岛,乌兰察布,0.00022644360000000002
石嘴山,乌兰察布,0.00022644360000000002
长春,乌兰察布,0.00022644360000000002
南阳,乌兰察布,0.00022644360000000002
三亚,乌兰察布,0.00022644360000000002
长沙,乌兰察布,0.00022644360000000002
佛山,乌兰察布,0.00022644360000000002
青岛,乌兰察布,0.00022644360000000002
菏泽,乌兰察布,0.00022644360000000002
临沂,乌兰察布,0.00022644360000000002
葫芦岛,乌兰察布,0.00022644360000000002
南京,乌兰察布,0.00022644360000000002
安阳,乌兰察布,0.00018115488
东营,乌兰察布,0.00018115488
濮阳,乌兰察布,0.00018115488
哈尔滨,乌兰察布,0.00018115488
合肥,乌兰察布,0.00018115488
泰安,乌兰察布,0.00018115488
淮安,乌兰察布,0.00018115488
吴忠,乌兰察布,0.00018115488
深圳,乌兰察布,0.00018115488
武汉,乌兰察布,0.00013586616000000001
焦作,乌兰察布,0.00013586616000000001
鞍山,乌兰察布,0.00013586616000000001
兰州,乌兰察布,0.00013586616000000001
朝阳,乌兰察布,0.00013586616000000001
漯河,乌兰察布,0.00013586616000000001
许昌,乌兰察布,0.00013586616000000001
商丘,乌兰察布,0.00013586616000000001
昆明,乌兰察布,0.00013586616000000001
连云港,乌兰察布,0.00013586616000000001
宿州,乌兰察布,0.00013586616000000001
徐州,乌兰察布,0.00013586616000000001
锦州,乌兰察布,0.00013586616000000001
营口,乌兰察布,0.00013586616000000001
阜新,乌兰察布,0.00013586616000000001
湘潭,乌兰察布,9.057744e-05
乌鲁木齐,乌兰察布,9.057744e-05
无锡,乌兰察布,9.057744e-05
齐齐哈尔,乌兰察布,9.057744e-05
阳泉,乌兰察布,9.057744e-05
南通,乌兰察布,9.057744e-05
咸阳,乌兰察布,9.057744e-05
铁岭,乌兰察布,9.057744e-05
哈密,乌兰察布,9.057744e-05
酒泉,乌兰察布,9.057744e-05
常州,乌兰察布,9.057744e-05
达州,乌兰察布,9.057744e-05
温州,乌兰察布,9.057744e-05
鄂尔多斯,乌海,0.09312514272
阿拉善盟,乌海,0.0441728121599999
巴彦淖尔,乌海,0.0231429311999999
呼和浩特,乌海,0.01557116784
石嘴山,乌海,0.015470546399999998
银川,乌海,0.0136593604799999
包头,乌海,0.00958419216
北京,乌海,0.0035217503999999
榆林,乌海,0.00334566288
西安,乌海,0.0022639824
乌兰察布,乌海,0.0019621180800000002
吴忠,乌海,0.0013835448
庆阳,乌海,0.00115714656
吕梁,乌海,0.00115714656
重庆,乌海,0.00108168048
中卫,乌海,0.0009055929599999
郑州,乌海,0.00080497152
唐山,乌海,0.0007295054399999
固原,乌海,0.0007295054399999
上海,乌海,0.00070435008
天津,乌海,0.0006791947200000001
赤峰,乌海,0.0006791947200000001
大同,乌海,0.000628884
成都,乌海,0.00052826256
兰州,乌海,0.00047795184
太原,乌海,0.00047795184
白银,乌海,0.00047795184
平凉,乌海,0.00047795184
石家庄,乌海,0.0004527964799999
延安,乌海,0.00040248576
通辽,乌海,0.0003773304
长沙,乌海,0.0003773304
西宁,乌海,0.00030186432
临沂,乌海,0.00030186432
武汉,乌海,0.00027670896
张家口,乌海,0.0002515536
咸阳,乌海,0.0002515536
朔州,乌海,0.0002515536
忻州,乌海,0.0002263982399999
锡林郭勒盟,乌海,0.0002263982399999
景德镇,乌海,0.00017608752
临汾,乌海,0.00017608752
天水,乌海,0.00017608752
渭南,乌海,0.00017608752
晋中,乌海,0.00017608752
武威,乌海,0.00017608752
廊坊,乌海,0.00017608752
邯郸,乌海,0.00015093216
南京,乌海,0.00015093216
黄冈,乌海,0.00015093216
长治,乌海,0.00015093216
台州,乌海,0.00015093216
杭州,乌海,0.00015093216
承德,乌海,0.0001257768
吉林,乌海,0.0001257768
阳泉,乌海,0.0001257768
合肥,乌海,0.0001257768
双鸭山,乌海,0.0001257768
深圳,乌海,0.0001257768
广州,乌海,0.0001257768
南昌,乌海,0.0001257768
三亚,乌海,0.0001257768
新乡,乌海,0.0001257768
兴安盟,乌海,7.546608e-05
宜昌,乌海,7.546608e-05
温州,乌海,7.546608e-05
昆明,乌海,7.546608e-05
衡水,乌海,7.546608e-05
青岛,乌海,7.546608e-05
荆门,乌海,7.546608e-05
沈阳,乌海,7.546608e-05
哈尔滨,乌海,7.546608e-05
保定,乌海,7.546608e-05
常州,乌海,7.546608e-05
宿州,乌海,7.546608e-05
运城,乌海,7.546608e-05
张掖,乌海,7.546608e-05
邢台,乌海,7.546608e-05
福州,乌海,7.546608e-05
徐州,乌海,7.546608e-05
酒泉,乌海,7.546608e-05
长春,乌海,5.031072e-05
商丘,乌海,5.031072e-05
临夏回族自治州,乌海,5.031072e-05
许昌,乌海,5.031072e-05
洛阳,乌海,5.031072e-05
马鞍山,乌海,5.031072e-05
滨州,乌海,5.031072e-05
沧州,乌海,5.031072e-05
十堰,乌海,5.031072e-05
襄阳,乌海,5.031072e-05
佛山,乌海,5.031072e-05
苏州,乌海,5.031072e-05
淄博,乌海,5.031072e-05
陇南,乌海,5.031072e-05
周口,乌海,5.031072e-05
济南,乌海,5.031072e-05
朝阳,乌海,5.031072e-05
金昌,乌海,5.031072e-05
无锡,乌海,5.031072e-05
昌吉回族自治州,乌鲁木齐,0.30776124311999997
五家渠,乌鲁木齐,0.059342868
伊犁哈萨克自治州,乌鲁木齐,0.05304339432
巴音郭楞蒙古自治州,乌鲁木齐,0.04765688784
塔城地区,乌鲁木齐,0.04592225016
吐鲁番,乌鲁木齐,0.03460145688
阿勒泰地区,乌鲁木齐,0.03304941264
阿克苏地区,乌鲁木齐,0.0328668192
石河子,乌鲁木齐,0.0245588176799999
克拉玛依,乌鲁木齐,0.02318936688
喀什地区,乌鲁木齐,0.02264158656
哈密,乌鲁木齐,0.02181991608
和田地区,乌鲁木齐,0.019720091519999997
博尔塔拉蒙古自治州,乌鲁木齐,0.017894157119999997
北京,乌鲁木齐,0.01159468344
成都,乌鲁木齐,0.00995134248
西安,乌鲁木齐,0.00876448512
上海,乌鲁木齐,0.0073037376000000005
北屯,乌鲁木齐,0.0052952097599999
重庆,乌鲁木齐,0.005112616320000001
兰州,乌鲁木齐,0.00438224256
郑州,乌鲁木齐,0.0038344622399999998
杭州,乌鲁木齐,0.0031953852000000003
广州,乌鲁木齐,0.00310408848
深圳,乌鲁木齐,0.00264760488
双河,乌鲁木齐,0.0025563081600000004
南京,乌鲁木齐,0.0023737147199999996
酒泉,乌鲁木齐,0.0023737147199999996
长沙,乌鲁木齐,0.0022824179999999
武威,乌鲁木齐,0.0022824179999999
克孜勒苏柯尔克孜自治州,乌鲁木齐,0.00219112128
天津,乌鲁木齐,0.00209982456
济南,乌鲁木齐,0.0018259344000000001
天水,乌鲁木齐,0.0017346376800000001
阿拉尔,乌鲁木齐,0.00164334096
沈阳,乌鲁木齐,0.00164334096
保定,乌鲁木齐,0.00164334096
武汉,乌鲁木齐,0.00155204424
绵阳,乌鲁木齐,0.0013694508
周口,乌鲁木齐,0.0013694508
咸阳,乌鲁木齐,0.0013694508
可克达拉,乌鲁木齐,0.0013694508
三亚,乌鲁木齐,0.0012781540800000002
石家庄,乌鲁木齐,0.0012781540800000002
张掖,乌鲁木齐,0.0011868573599999998
苏州,乌鲁木齐,0.0011868573599999998
宝鸡,乌鲁木齐,0.00109556064
厦门,乌鲁木齐,0.00109556064
银川,乌鲁木齐,0.00109556064
徐州,乌鲁木齐,0.00109556064
长春,乌鲁木齐,0.00109556064
图木舒克,乌鲁木齐,0.00109556064
昆明,乌鲁木齐,0.00109556064
定西,乌鲁木齐,0.0010042639199999
驻马店,乌鲁木齐,0.0010042639199999
温州,乌鲁木齐,0.0008216704799999
开封,乌鲁木齐,0.0008216704799999
大连,乌鲁木齐,0.0008216704799999
沧州,乌鲁木齐,0.0008216704799999
新乡,乌鲁木齐,0.0008216704799999
临沂,乌鲁木齐,0.0008216704799999
商丘,乌鲁木齐,0.0007303737599999999
太原,乌鲁木齐,0.0007303737599999999
合肥,乌鲁木齐,0.0007303737599999999
南阳,乌鲁木齐,0.0007303737599999999
许昌,乌鲁木齐,0.0007303737599999999
佛山,乌鲁木齐,0.0006390770400000001
平凉,乌鲁木齐,0.0006390770400000001
西宁,乌鲁木齐,0.0006390770400000001
廊坊,乌鲁木齐,0.0006390770400000001
常州,乌鲁木齐,0.0006390770400000001
呼和浩特,乌鲁木齐,0.0006390770400000001
无锡,乌鲁木齐,0.0006390770400000001
济宁,乌鲁木齐,0.00054778032
洛阳,乌鲁木齐,0.00054778032
汉中,乌鲁木齐,0.00054778032
阜阳,乌鲁木齐,0.00054778032
信阳,乌鲁木齐,0.00054778032
南通,乌鲁木齐,0.00054778032
白银,乌鲁木齐,0.00054778032
渭南,乌鲁木齐,0.00054778032
金华,乌鲁木齐,0.00054778032
青岛,乌鲁木齐,0.00054778032
德州,乌鲁木齐,0.00054778032
菏泽,乌鲁木齐,0.00054778032
昆玉,乌鲁木齐,0.00045648360000000003
潍坊,乌鲁木齐,0.00045648360000000003
海口,乌鲁木齐,0.00045648360000000003
福州,乌鲁木齐,0.00045648360000000003
陇南,乌鲁木齐,0.00045648360000000003
衡水,乌鲁木齐,0.00036518687999999994
濮阳,乌鲁木齐,0.00036518687999999994
邯郸,乌鲁木齐,0.00036518687999999994
邢台,乌鲁木齐,0.00036518687999999994
中卫,乌鲁木齐,0.00036518687999999994
贵阳,乌鲁木齐,0.00036518687999999994
铁门关,乌鲁木齐,0.00036518687999999994
运城,乌鲁木齐,0.00036518687999999994
威海,乌鲁木齐,0.00036518687999999994
南充,乌鲁木齐,0.00036518687999999994
乌鲁木齐,五家渠,0.07233893244
昌吉回族自治州,五家渠,0.037381749480000004
巴音郭楞蒙古自治州,五家渠,0.0012545020800000001
塔城地区,五家渠,0.0010615017599999998
石河子,五家渠,0.0010615017599999998
伊犁哈萨克自治州,五家渠,0.00071168868
哈密,五家渠,0.0005428134
吐鲁番,五家渠,0.0004825008
阿勒泰地区,五家渠,0.0003860006399999
博尔塔拉蒙古自治州,五家渠,0.0003860006399999
兰州,五家渠,0.00034981308
克拉玛依,五家渠,0.00025331292
武威,五家渠,0.00021712536
聊城,五家渠,0.0001930003199999
阿克苏地区,五家渠,0.0001930003199999
和田地区,五家渠,0.0001930003199999
成都,五家渠,0.00015681276000000001
西安,五家渠,0.00015681276000000001
张掖,五家渠,0.00015681276000000001
天水,五家渠,0.0001206252
阿拉尔,五家渠,0.0001206252
重庆,五家渠,0.0001206252
东营,五家渠,0.0001206252
喀什地区,五家渠,9.6500159999999e-05
北京,五家渠,9.6500159999999e-05
廊坊,五家渠,9.6500159999999e-05
石家庄,五家渠,9.6500159999999e-05
宜昌,五家渠,9.6500159999999e-05
北屯,五家渠,9.6500159999999e-05
昆玉,五家渠,6.03126e-05
泰州,五家渠,6.03126e-05
大连,五家渠,6.03126e-05
嘉峪关,五家渠,6.03126e-05
唐山,五家渠,6.03126e-05
吕梁,五家渠,6.03126e-05
南通,五家渠,6.03126e-05
绵阳,五家渠,6.03126e-05
咸阳,五家渠,6.03126e-05
武汉,五家渠,6.03126e-05
厦门,五家渠,6.03126e-05
长治,五家渠,6.03126e-05
日照,五家渠,6.03126e-05
定西,五家渠,6.03126e-05
酒泉,五家渠,6.03126e-05
开封,五家渠,6.03126e-05
济宁,五家渠,2.4125039999999e-05
呼和浩特,五家渠,2.4125039999999e-05
衡水,五家渠,2.4125039999999e-05
济南,五家渠,2.4125039999999e-05
南京,五家渠,2.4125039999999e-05
邢台,五家渠,2.4125039999999e-05
深圳,五家渠,2.4125039999999e-05
安庆,五家渠,2.4125039999999e-05
张家口,五家渠,2.4125039999999e-05
哈尔滨,五家渠,2.4125039999999e-05
临沂,五家渠,2.4125039999999e-05
鹤壁,五家渠,2.4125039999999e-05
双河,五家渠,2.4125039999999e-05
渭南,五家渠,2.4125039999999e-05
绍兴,五家渠,2.4125039999999e-05
许昌,五家渠,2.4125039999999e-05
朝阳,五家渠,2.4125039999999e-05
西双版纳傣族自治州,五家渠,2.4125039999999e-05
苏州,五家渠,2.4125039999999e-05
洛阳,五家渠,2.4125039999999e-05
沧州,五家渠,2.4125039999999e-05
上海,五家渠,2.4125039999999e-05
郑州,五家渠,2.4125039999999e-05
长沙,五家渠,2.4125039999999e-05
南充,五家渠,2.4125039999999e-05
达州,五家渠,2.4125039999999e-05
信阳,五家渠,2.4125039999999e-05
福州,五家渠,2.4125039999999e-05
塔城地区,克拉玛依,0.04827517056
伊犁哈萨克自治州,克拉玛依,0.03854438784
乌鲁木齐,克拉玛依,0.02289938688
昌吉回族自治州,克拉玛依,0.010138659840000001
阿勒泰地区,克拉玛依,0.0045886176
石河子,克拉玛依,0.004005936
巴音郭楞蒙古自治州,克拉玛依,0.00157324032
博尔塔拉蒙古自治州,克拉玛依,0.00122363136
银川,克拉玛依,0.0009614246399999
重庆,克拉玛依,0.0009614246399999
北京,克拉玛依,0.0008740224
吐鲁番,克拉玛依,0.00077205312
成都,克拉玛依,0.0006409497599999999
北屯,克拉玛依,0.00061181568
兰州,克拉玛依,0.00061181568
上海,克拉玛依,0.0005098464
西安,克拉玛依,0.00045157824
哈密,克拉玛依,0.0003787430399999
五家渠,克拉玛依,0.00032047487999999996
阿克苏地区,克拉玛依,0.00032047487999999996
和田地区,克拉玛依,0.0002913408
郑州,克拉玛依,0.0002913408
张掖,克拉玛依,0.0002185056
喀什地区,克拉玛依,0.0002185056
武威,克拉玛依,0.0002185056
天津,克拉玛依,0.0002185056
深圳,克拉玛依,0.0001893715199999
东营,克拉玛依,0.0001893715199999
杭州,克拉玛依,0.0001893715199999
广州,克拉玛依,0.00016023743999999998
定西,克拉玛依,0.0001165363199999
咸阳,克拉玛依,0.0001165363199999
双河,克拉玛依,0.0001165363199999
南京,克拉玛依,0.0001165363199999
烟台,克拉玛依,0.0001165363199999
无锡,克拉玛依,0.0001165363199999
绵阳,克拉玛依,0.0001165363199999
可克达拉,克拉玛依,8.740223999999999e-05
周口,克拉玛依,8.740223999999999e-05
徐州,克拉玛依,8.740223999999999e-05
陇南,克拉玛依,8.740223999999999e-05
中卫,克拉玛依,8.740223999999999e-05
商丘,克拉玛依,8.740223999999999e-05
海口,克拉玛依,8.740223999999999e-05
太原,克拉玛依,8.740223999999999e-05
长沙,克拉玛依,5.8268159999999e-05
常德,克拉玛依,5.8268159999999e-05
长春,克拉玛依,5.8268159999999e-05
苏州,克拉玛依,5.8268159999999e-05
朔州,克拉玛依,5.8268159999999e-05
泉州,克拉玛依,5.8268159999999e-05
濮阳,克拉玛依,5.8268159999999e-05
庆阳,克拉玛依,5.8268159999999e-05
渭南,克拉玛依,5.8268159999999e-05
吴忠,克拉玛依,5.8268159999999e-05
酒泉,克拉玛依,5.8268159999999e-05
克孜勒苏柯尔克孜自治州,克拉玛依,5.8268159999999e-05
滨州,克拉玛依,5.8268159999999e-05
海西蒙古族藏族自治州,克拉玛依,5.8268159999999e-05
新乡,克拉玛依,5.8268159999999e-05
漳州,克拉玛依,5.8268159999999e-05
平凉,克拉玛依,5.8268159999999e-05
铁岭,克拉玛依,5.8268159999999e-05
昆明,克拉玛依,5.8268159999999e-05
济南,克拉玛依,5.8268159999999e-05
南阳,克拉玛依,5.8268159999999e-05
合肥,克拉玛依,5.8268159999999e-05
阜新,克拉玛依,2.9134079999999e-05
沧州,克拉玛依,2.9134079999999e-05
安康,克拉玛依,2.9134079999999e-05
双鸭山,克拉玛依,2.9134079999999e-05
宁波,克拉玛依,2.9134079999999e-05
石家庄,克拉玛依,2.9134079999999e-05
西宁,克拉玛依,2.9134079999999e-05
遂宁,克拉玛依,2.9134079999999e-05
襄阳,克拉玛依,2.9134079999999e-05
海东,克拉玛依,2.9134079999999e-05
大连,克拉玛依,2.9134079999999e-05
扬州,克拉玛依,2.9134079999999e-05
贵阳,克拉玛依,2.9134079999999e-05
邵阳,克拉玛依,2.9134079999999e-05
开封,克拉玛依,2.9134079999999e-05
菏泽,克拉玛依,2.9134079999999e-05
三亚,克拉玛依,2.9134079999999e-05
青岛,克拉玛依,2.9134079999999e-05
洛阳,克拉玛依,2.9134079999999e-05
嘉峪关,克拉玛依,2.9134079999999e-05
驻马店,克拉玛依,2.9134079999999e-05
潍坊,克拉玛依,2.9134079999999e-05
乐山,克拉玛依,2.9134079999999e-05
澄迈县,克拉玛依,2.9134079999999e-05
黄石,克拉玛依,2.9134079999999e-05
唐山,克拉玛依,2.9134079999999e-05
泰安,克拉玛依,2.9134079999999e-05
黔南布依族苗族自治州,克拉玛依,2.9134079999999e-05
铁门关,克拉玛依,2.9134079999999e-05
南充,克拉玛依,2.9134079999999e-05
绥化,克拉玛依,2.9134079999999e-05
聊城,克拉玛依,2.9134079999999e-05
眉山,克拉玛依,2.9134079999999e-05
白城,兴安盟,0.03692739456
通辽,兴安盟,0.0307405044
齐齐哈尔,兴安盟,0.02707491744
呼伦贝尔,兴安盟,0.02315720016
长春,兴安盟,0.010492500239999999
锡林郭勒盟,兴安盟,0.00676872936
沈阳,兴安盟,0.00667175616
赤峰,兴安盟,0.00667175616
呼和浩特,兴安盟,0.0065941776
北京,兴安盟,0.0050426064
松原,兴安盟,0.0032582995199999
哈尔滨,兴安盟,0.0030449584799999998
大庆,兴安盟,0.00170672832
大连,兴安盟,0.00157096584
四平,兴安盟,0.00128004624
绥化,兴安盟,0.0010667052000000001
阜新,兴安盟,0.0007951802400000001
营口,兴安盟,0.0007757856
铁岭,兴安盟,0.0007757856
锦州,兴安盟,0.0007757856
鄂尔多斯,兴安盟,0.00073699632
天津,兴安盟,0.0006788124
重庆,兴安盟,0.0006788124
鞍山,兴安盟,0.00064002312
包头,兴安盟,0.0006012338400000001
乌兰察布,兴安盟,0.0006012338400000001
石家庄,兴安盟,0.00054304992
抚顺,兴安盟,0.000484866
济南,兴安盟,0.00044607672
上海,兴安盟,0.0004072874399999
吉林,兴安盟,0.0004072874399999
盘锦,兴安盟,0.0003878928
白山,兴安盟,0.00034910352
保定,兴安盟,0.00034910352
廊坊,兴安盟,0.00034910352
德州,兴安盟,0.00031031424
本溪,兴安盟,0.00031031424
葫芦岛,兴安盟,0.00031031424
唐山,兴安盟,0.0002909196
绍兴,兴安盟,0.0002909196
深圳,兴安盟,0.0002909196
邯郸,兴安盟,0.0002909196
黑河,兴安盟,0.00025213032
成都,兴安盟,0.00025213032
朝阳,兴安盟,0.00025213032
长沙,兴安盟,0.00025213032
乌海,兴安盟,0.00025213032
衡水,兴安盟,0.00025213032
丹东,兴安盟,0.00025213032
郑州,兴安盟,0.00025213032
辽阳,兴安盟,0.00021334104
武汉,兴安盟,0.00021334104
巴彦淖尔,兴安盟,0.00021334104
昆明,兴安盟,0.0001939464
青岛,兴安盟,0.0001939464
杭州,兴安盟,0.0001939464
秦皇岛,兴安盟,0.0001939464
通化,兴安盟,0.0001939464
张家口,兴安盟,0.00015515712
沧州,兴安盟,0.00015515712
大兴安岭地区,兴安盟,0.00015515712
承德,兴安盟,0.00015515712
合肥,兴安盟,0.00015515712
西安,兴安盟,0.00011636784
百色,兴安盟,0.00011636784
徐州,兴安盟,0.00011636784
双鸭山,兴安盟,0.00011636784
焦作,兴安盟,0.00011636784
洛阳,兴安盟,0.00011636784
烟台,兴安盟,0.00011636784
广州,兴安盟,9.69732e-05
陵水黎族自治县,兴安盟,9.69732e-05
鹤岗,兴安盟,9.69732e-05
苏州,兴安盟,9.69732e-05
济宁,兴安盟,9.69732e-05
盐城,兴安盟,9.69732e-05
咸阳,兴安盟,9.69732e-05
延边朝鲜族自治州,兴安盟,9.69732e-05
滨州,兴安盟,9.69732e-05
阿拉善盟,兴安盟,9.69732e-05
东莞,兴安盟,5.818392000000001e-05
无锡,兴安盟,5.818392000000001e-05
临沂,兴安盟,5.818392000000001e-05
太原,兴安盟,5.818392000000001e-05
珠海,兴安盟,5.818392000000001e-05
牡丹江,兴安盟,5.818392000000001e-05
菏泽,兴安盟,5.818392000000001e-05
厦门,兴安盟,5.818392000000001e-05
泰安,兴安盟,5.818392000000001e-05
宁波,兴安盟,5.818392000000001e-05
中山,兴安盟,5.818392000000001e-05
南京,兴安盟,5.818392000000001e-05
潍坊,兴安盟,5.818392000000001e-05
喀什地区,兴安盟,5.818392000000001e-05
汉中,兴安盟,5.818392000000001e-05
赣州,兴安盟,1.939464e-05
黄石,兴安盟,1.939464e-05
淄博,兴安盟,1.939464e-05
扬州,兴安盟,1.939464e-05
池州,兴安盟,1.939464e-05
呼和浩特,包头,0.13540408092
鄂尔多斯,包头,0.1127074824
巴彦淖尔,包头,0.07046802683999999
乌兰察布,包头,0.03293333316
北京,包头,0.023006802599999997
乌海,包头,0.008065306080000001
榆林,包头,0.007755102
大同,包头,0.0062040816
锡林郭勒盟,包头,0.0061523809200000005
张家口,包头,0.00573877548
西安,包头,0.005170068
天津,包头,0.0050149659599999
赤峰,包头,0.0049115646
忻州,包头,0.0047047618799999
保定,包头,0.00423945576
石家庄,包头,0.003980952360000001
太原,包头,0.00392925168
上海,包头,0.0032571428399999
重庆,包头,0.00248163264
成都,包头,0.00248163264
吕梁,包头,0.00237823128
阿拉善盟,包头,0.0023265306
通辽,包头,0.00222312924
杭州,包头,0.00222312924
银川,包头,0.00222312924
唐山,包头,0.0020163265200000002
郑州,包头,0.00191292516
朔州,包头,0.0018095238
沧州,包头,0.00144761904
廊坊,包头,0.00134421768
广州,包头,0.00113741496
晋中,包头,0.0010857142800000002
大连,包头,0.0010857142800000002
呼伦贝尔,包头,0.0010857142800000002
济南,包头,0.0010340136
深圳,包头,0.0010340136
邢台,包头,0.0010340136
南京,包头,0.0008789115600000001
长春,包头,0.00082721088
威海,包头,0.00082721088
苏州,包头,0.0007755102
三亚,包头,0.0007755102
长沙,包头,0.0007755102
沈阳,包头,0.0007755102
承德,包头,0.00072380952
新乡,包头,0.00067210884
石嘴山,包头,0.00067210884
延安,包头,0.00067210884
无锡,包头,0.00062040816
焦作,包头,0.00062040816
邯郸,包头,0.00062040816
临汾,包头,0.00062040816
葫芦岛,包头,0.00062040816
潍坊,包头,0.00056870748
秦皇岛,包头,0.00056870748
厦门,包头,0.00056870748
南昌,包头,0.0005170068
吴忠,包头,0.0005170068
运城,包头,0.0005170068
贵阳,包头,0.0005170068
兰州,包头,0.00046530612000000003
菏泽,包头,0.00046530612000000003
阳泉,包头,0.00041360544
宁波,包头,0.00041360544
哈尔滨,包头,0.00041360544
衡水,包头,0.00041360544
淄博,包头,0.00041360544
青岛,包头,0.00041360544
长治,包头,0.00041360544
安阳,包头,0.00041360544
滨州,包头,0.00031020408
武汉,包头,0.00031020408
洛阳,包头,0.00031020408
徐州,包头,0.00031020408
咸阳,包头,0.00031020408
济宁,包头,0.00031020408
南阳,包头,0.00031020408
昆明,包头,0.00031020408
安康,包头,0.00031020408
商丘,包头,0.00031020408
渭南,包头,0.0002585034
西宁,包头,0.0002585034
兴安盟,包头,0.0002585034
乌鲁木齐,包头,0.0002585034
德州,包头,0.0002585034
肇庆,包头,0.0002585034
常州,包头,0.0002585034
合肥,包头,0.0002585034
广元,包头,0.0002585034
聊城,包头,0.0002585034
佛山,包头,0.0002585034
鞍山,包头,0.00020680272
三门峡,包头,0.00020680272
珠海,包头,0.00020680272
驻马店,包头,0.00020680272
东营,包头,0.00020680272
泰州,包头,0.00020680272
盐城,包头,0.00020680272
阜阳,包头,0.00020680272
海口,包头,0.00020680272
南宁,北海,0.0880818624
钦州,北海,0.0794761632
玉林,北海,0.0393584184
湛江,北海,0.024551553599999998
防城港,北海,0.0180129095999999
桂林,北海,0.014005353600000001
广州,北海,0.0091541016
柳州,北海,0.0079307424
贵港,北海,0.0069604919999999
河池,北海,0.00632772
崇左,北海,0.0062855352
百色,北海,0.0058215023999999
成都,北海,0.0055262088
深圳,北海,0.0054418392000000005
北京,北海,0.0043450344
茂名,北海,0.0043028496
佛山,北海,0.0039653712
东莞,北海,0.0037966320000000003
重庆,北海,0.0036278928000000005
上海,北海,0.0035435232
来宾,北海,0.0030373056
梧州,北海,0.0029107512
昆明,北海,0.0026998271999999998
阳江,北海,0.0024889032000000003
西安,北海,0.0021936095999999
长沙,北海,0.0019405007999999998
江门,北海,0.0016452072
贵阳,北海,0.0016452072
海口,北海,0.0015186528
中山,北海,0.0013920984
铜仁,北海,0.0013499135999999999
哈尔滨,北海,0.0013077288
武汉,北海,0.0013077288
珠海,北海,0.0012233591999999999
石家庄,北海,0.0012233591999999999
清远,北海,0.0010968047999999
杭州,北海,0.0010968047999999
肇庆,北海,0.0009280655999999
东方,北海,0.000843696
兰州,北海,0.0008015111999999999
三亚,北海,0.0008015111999999999
湘西土家族苗族自治州,北海,0.0008015111999999999
长春,北海,0.0008015111999999999
贺州,北海,0.0008015111999999999
遵义,北海,0.0008015111999999999
沈阳,北海,0.0007171416
惠州,北海,0.0007171416
天津,北海,0.0006749567999999999
黔南布依族苗族自治州,北海,0.0006749567999999999
澄迈县,北海,0.0006749567999999999
南京,北海,0.0006749567999999999
文山壮族苗族自治州,北海,0.0006327719999999
红河哈尼族彝族自治州,北海,0.0005905872
儋州,北海,0.0005905872
绵阳,北海,0.0005905872
郑州,北海,0.0005484023999999
太原,北海,0.0005484023999999
黔东南苗族侗族自治州,北海,0.0005484023999999
邯郸,北海,0.0005484023999999
衡阳,北海,0.0005062176
株洲,北海,0.0005062176
邵阳,北海,0.0005062176
宜宾,北海,0.0004640327999999
唐山,北海,0.0004640327999999
无锡,北海,0.0004640327999999
南昌,北海,0.000421848
苏州,北海,0.0003796632
洛阳,北海,0.0003796632
濮阳,北海,0.0003796632
咸阳,北海,0.0003796632
曲靖,北海,0.0003796632
五指山,北海,0.0003796632
黔西南布依族苗族自治州,北海,0.0003796632
阜阳,北海,0.00033747839999999997
乌鲁木齐,北海,0.00033747839999999997
昌江黎族自治县,北海,0.00033747839999999997
吉林,北海,0.00033747839999999997
永州,北海,0.00033747839999999997
毕节,北海,0.00033747839999999997
文昌,北海,0.00033747839999999997
韶关,北海,0.00033747839999999997
徐州,北海,0.00033747839999999997
济南,北海,0.00033747839999999997
厦门,北海,0.00033747839999999997
衡水,北海,0.0002952936
乐山,北海,0.0002952936
荆州,北海,0.0002952936
保定,北海,0.0002952936
合肥,北海,0.0002952936
漳州,北海,0.0002952936
楚雄彝族自治州,北海,0.0002531088
云浮,北海,0.0002531088
赣州,北海,0.0002531088
潍坊,北海,0.0002531088
黄石,北海,0.0002531088
宁波,北海,0.0002531088
绍兴,北海,0.0002531088
河源,北海,0.0002531088
济宁,北海,0.0002531088
南充,北海,0.0002531088
玉林,南宁,0.29600774784
崇左,南宁,0.23027931936
钦州,南宁,0.21350248272
百色,南宁,0.19626600672000002
河池,南宁,0.17902953072
贵港,南宁,0.15030207072000001
柳州,南宁,0.1165185777599999
桂林,南宁,0.09606462623999999
来宾,南宁,0.09238751136
防城港,南宁,0.0852631012799999
北海,南宁,0.0776790518399999
广州,南宁,0.0494112311999999
梧州,南宁,0.046423575360000004
深圳,南宁,0.03079583712
佛山,南宁,0.0298765584
东莞,南宁,0.02436088608
贺州,南宁,0.02045395152
北京,南宁,0.01539791856
中山,南宁,0.014708459519999998
成都,南宁,0.014248820159999998
重庆,南宁,0.014019000480000002
湛江,南宁,0.014019000480000002
长沙,南宁,0.01218044304
上海,南宁,0.011490984
昆明,南宁,0.00873314784
杭州,南宁,0.0080436888
茂名,南宁,0.00758404944
贵阳,南宁,0.00666477072
江门,南宁,0.0059753116799999995
惠州,南宁,0.0059753116799999995
文山壮族苗族自治州,南宁,0.0059753116799999995
海口,南宁,0.005745492
武汉,南宁,0.0055156723199999
衡阳,南宁,0.00436657392
珠海,南宁,0.00413675424
肇庆,南宁,0.00413675424
厦门,南宁,0.00390693456
郑州,南宁,0.00390693456
黔西南布依族苗族自治州,南宁,0.0036771148799999995
福州,南宁,0.0034472952
西安,南宁,0.0034472952
南京,南宁,0.0034472952
永州,南宁,0.0032174755199999997
泉州,南宁,0.0032174755199999997
黔南布依族苗族自治州,南宁,0.0029876558399999
南昌,南宁,0.0027578361599999
天津,南宁,0.0027578361599999
济南,南宁,0.0025280164800000004
苏州,南宁,0.0025280164800000004
三亚,南宁,0.0022981968
金华,南宁,0.0022981968
清远,南宁,0.0022981968
邵阳,南宁,0.00206837712
怀化,南宁,0.00206837712
温州,南宁,0.00206837712
常德,南宁,0.00206837712
沈阳,南宁,0.00206837712
无锡,南宁,0.00206837712
云浮,南宁,0.00206837712
黔东南苗族侗族自治州,南宁,0.0018385574399999998
合肥,南宁,0.0018385574399999998
红河哈尼族彝族自治州,南宁,0.0018385574399999998
遵义,南宁,0.0018385574399999998
阳江,南宁,0.0018385574399999998
汕头,南宁,0.0016087377599999998
曲靖,南宁,0.0016087377599999998
石家庄,南宁,0.0016087377599999998
赣州,南宁,0.0016087377599999998
揭阳,南宁,0.0016087377599999998
襄阳,南宁,0.0013789180799999
郴州,南宁,0.0013789180799999
漳州,南宁,0.0013789180799999
株洲,南宁,0.0013789180799999
青岛,南宁,0.0013789180799999
宁波,南宁,0.0013789180799999
临沂,南宁,0.0013789180799999
南通,南宁,0.0013789180799999
徐州,南宁,0.0013789180799999
扬州,南宁,0.0011490984
岳阳,南宁,0.0011490984
丽江,南宁,0.0011490984
宜春,南宁,0.0011490984
益阳,南宁,0.0011490984
太原,南宁,0.0011490984
荆州,南宁,0.0009192787199999999
哈尔滨,南宁,0.0009192787199999999
乌鲁木齐,南宁,0.0009192787199999999
孝感,南宁,0.0009192787199999999
嘉兴,南宁,0.0009192787199999999
淮安,南宁,0.0009192787199999999
廊坊,南宁,0.0009192787199999999
济宁,南宁,0.0009192787199999999
保定,南宁,0.0009192787199999999
菏泽,南宁,0.0009192787199999999
潮州,南宁,0.0009192787199999999
绍兴,南宁,0.0009192787199999999
韶关,南宁,0.0009192787199999999
兰州,南宁,0.0009192787199999999
娄底,南宁,0.0009192787199999999
南阳,南宁,0.0009192787199999999
银川,吴忠,0.2689681464
中卫,吴忠,0.062170480800000004
榆林,吴忠,0.026564176800000002
固原,吴忠,0.0187870103999999
庆阳,吴忠,0.017334648
鄂尔多斯,吴忠,0.011572048799999998
石嘴山,吴忠,0.0101665367999999
阿拉善盟,吴忠,0.0044039376
兰州,吴忠,0.0038885831999999
西安,吴忠,0.003279528
白银,吴忠,0.0030921264000000003
延安,吴忠,0.001639764
北京,吴忠,0.0015460632000000001
巴彦淖尔,吴忠,0.0013118112
成都,吴忠,0.0012649608
乌海,吴忠,0.00117126
平凉,吴忠,0.0011244096
武威,吴忠,0.0010775592
海西蒙古族藏族自治州,吴忠,0.0010307088
西宁,吴忠,0.0010307088
吕梁,吴忠,0.0008901575999999999
咸阳,吴忠,0.0007964567999999999
包头,吴忠,0.0007027559999999
乌鲁木齐,吴忠,0.0006559056
重庆,吴忠,0.0006090552
宝鸡,吴忠,0.0006090552
杭州,吴忠,0.0005153544
定西,吴忠,0.0005153544
郑州,吴忠,0.0005153544
广州,吴忠,0.0005153544
太原,吴忠,0.0005153544
酒泉,吴忠,0.000468504
天津,吴忠,0.000468504
聊城,吴忠,0.0004216536
上海,吴忠,0.0004216536
天水,吴忠,0.0004216536
保定,吴忠,0.0004216536
呼和浩特,吴忠,0.0003748032
沧州,吴忠,0.0003748032
安阳,吴忠,0.0003748032
邢台,吴忠,0.0003748032
石家庄,吴忠,0.0003748032
张掖,吴忠,0.0003279528
渭南,吴忠,0.0003279528
金昌,吴忠,0.0003279528
海东,吴忠,0.0003279528
新乡,吴忠,0.0003279528
临夏回族自治州,吴忠,0.0002811024
乌兰察布,吴忠,0.0002811024
晋中,吴忠,0.0002811024
邯郸,吴忠,0.0002811024
南京,吴忠,0.0002811024
长沙,吴忠,0.0002811024
苏州,吴忠,0.0001874016
海南藏族自治州,吴忠,0.0001874016
扬州,吴忠,0.0001874016
昌吉回族自治州,吴忠,0.0001874016
洛阳,吴忠,0.0001874016
甘南藏族自治州,吴忠,0.0001874016
昆明,吴忠,0.0001874016
临汾,吴忠,0.0001874016
汉中,吴忠,0.0001874016
济宁,吴忠,0.0001874016
济南,吴忠,0.0001874016
徐州,吴忠,0.0001874016
珠海,吴忠,0.0001874016
阜阳,吴忠,0.0001874016
廊坊,吴忠,0.0001405512
哈密,吴忠,0.0001405512
张家口,吴忠,0.0001405512
抚州,吴忠,0.0001405512
武汉,吴忠,0.0001405512
合肥,吴忠,0.0001405512
衡水,吴忠,0.0001405512
厦门,吴忠,0.0001405512
宜昌,吴忠,0.0001405512
德阳,吴忠,0.0001405512
长春,吴忠,0.0001405512
黄山,吴忠,9.37008e-05
贵阳,吴忠,9.37008e-05
九江,吴忠,9.37008e-05
忻州,吴忠,9.37008e-05
桂林,吴忠,9.37008e-05
南阳,吴忠,9.37008e-05
盐城,吴忠,9.37008e-05
运城,吴忠,9.37008e-05
金华,吴忠,9.37008e-05
菏泽,吴忠,9.37008e-05
临沂,吴忠,9.37008e-05
焦作,吴忠,9.37008e-05
晋城,吴忠,9.37008e-05
吐鲁番,吴忠,9.37008e-05
平顶山,吴忠,9.37008e-05
三亚,吴忠,9.37008e-05
广安,吴忠,9.37008e-05
德州,吴忠,9.37008e-05
锡林郭勒盟,吴忠,9.37008e-05
拉萨,吴忠,9.37008e-05
东莞,吴忠,9.37008e-05
漳州,吴忠,9.37008e-05
齐齐哈尔,呼伦贝尔,0.05336128044
哈尔滨,呼伦贝尔,0.01710598824
兴安盟,呼伦贝尔,0.014664858840000001
黑河,呼伦贝尔,0.0096741054
北京,呼伦贝尔,0.00933053904
呼和浩特,呼伦贝尔,0.00918587952
大兴安岭地区,呼伦贝尔,0.0078658614
大庆,呼伦贝尔,0.00511733052
沈阳,呼伦贝尔,0.00471951684
通辽,呼伦贝尔,0.00466526952
赤峰,呼伦贝尔,0.00452061
绥化,呼伦贝尔,0.004068549
长春,呼伦贝尔,0.00294743772
天津,呼伦贝尔,0.0028027782
大连,呼伦贝尔,0.0024230469600000004
白城,呼伦贝尔,0.00157317228
包头,呼伦贝尔,0.0015550898399999
锡林郭勒盟,呼伦贝尔,0.00103069908
上海,呼伦贝尔,0.0009583693199999
成都,呼伦贝尔,0.0008317922399999
松原,呼伦贝尔,0.0006690502799999
廊坊,呼伦贝尔,0.0006328854
铁岭,呼伦贝尔,0.00061480296
四平,呼伦贝尔,0.00061480296
秦皇岛,呼伦贝尔,0.00061480296
营口,呼伦贝尔,0.00061480296
乌兰察布,呼伦贝尔,0.0005786380799999
保定,呼伦贝尔,0.00050630832
丹东,呼伦贝尔,0.00050630832
牡丹江,呼伦贝尔,0.00047014344000000005
广州,呼伦贝尔,0.00045206099999999997
西安,呼伦贝尔,0.00045206099999999997
烟台,呼伦贝尔,0.00045206099999999997
南京,呼伦贝尔,0.0004158961199999
鄂尔多斯,呼伦贝尔,0.0004158961199999
唐山,呼伦贝尔,0.00037973124
重庆,呼伦贝尔,0.00037973124
葫芦岛,呼伦贝尔,0.00037973124
吉林,呼伦贝尔,0.00034356636
潍坊,呼伦贝尔,0.00034356636
佳木斯,呼伦贝尔,0.00034356636
石家庄,呼伦贝尔,0.00034356636
锦州,呼伦贝尔,0.00034356636
青岛,呼伦贝尔,0.00030740148
伊春,呼伦贝尔,0.00030740148
南宁,呼伦贝尔,0.00030740148
鞍山,呼伦贝尔,0.00030740148
沧州,呼伦贝尔,0.00030740148
巴彦淖尔,呼伦贝尔,0.0002893190399999
苏州,呼伦贝尔,0.0002893190399999
杭州,呼伦贝尔,0.00025315416
济南,呼伦贝尔,0.00025315416
深圳,呼伦贝尔,0.00021698928
临沂,呼伦贝尔,0.00021698928
郑州,呼伦贝尔,0.00021698928
三亚,呼伦贝尔,0.00018082439999999998
盘锦,呼伦贝尔,0.00018082439999999998
泉州,呼伦贝尔,0.00018082439999999998
滨州,呼伦贝尔,0.00018082439999999998
双鸭山,呼伦贝尔,0.00018082439999999998
辽源,呼伦贝尔,0.00018082439999999998
辽阳,呼伦贝尔,0.0001446595199999
延边朝鲜族自治州,呼伦贝尔,0.0001446595199999
南通,呼伦贝尔,0.0001446595199999
威海,呼伦贝尔,0.0001446595199999
抚顺,呼伦贝尔,0.0001446595199999
鸡西,呼伦贝尔,0.00012657708
大同,呼伦贝尔,0.00012657708
阜新,呼伦贝尔,0.00012657708
嘉兴,呼伦贝尔,0.00012657708
曲靖,呼伦贝尔,0.00012657708
榆林,呼伦贝尔,0.00012657708
无锡,呼伦贝尔,0.00012657708
合肥,呼伦贝尔,0.00012657708
昆明,呼伦贝尔,0.00012657708
济宁,呼伦贝尔,0.00012657708
长沙,呼伦贝尔,0.00012657708
贵阳,呼伦贝尔,9.041220000000003e-05
日照,呼伦贝尔,9.041220000000003e-05
厦门,呼伦贝尔,9.041220000000003e-05
通化,呼伦贝尔,9.041220000000003e-05
衡水,呼伦贝尔,9.041220000000003e-05
泰安,呼伦贝尔,9.041220000000003e-05
徐州,呼伦贝尔,9.041220000000003e-05
太原,呼伦贝尔,9.041220000000003e-05
亳州,呼伦贝尔,9.041220000000003e-05
淄博,呼伦贝尔,9.041220000000003e-05
枣庄,呼伦贝尔,9.041220000000003e-05
扬州,呼伦贝尔,9.041220000000003e-05
铜陵,呼伦贝尔,9.041220000000003e-05
绵阳,呼伦贝尔,5.424732e-05
邢台,呼伦贝尔,5.424732e-05
宁波,呼伦贝尔,5.424732e-05
长治,呼伦贝尔,5.424732e-05
兰州,呼伦贝尔,5.424732e-05
东莞,呼伦贝尔,5.424732e-05
张家口,呼伦贝尔,5.424732e-05
金华,呼伦贝尔,5.424732e-05
海口,呼伦贝尔,5.424732e-05
德州,呼伦贝尔,5.424732e-05
乌兰察布,呼和浩特,0.17094304800000001
包头,呼和浩特,0.1481279399999999
鄂尔多斯,呼和浩特,0.120715758
北京,呼和浩特,0.050397552000000005
巴彦淖尔,呼和浩特,0.049801635
锡林郭勒盟,呼和浩特,0.044012727
赤峰,呼和浩特,0.02298537
呼伦贝尔,呼和浩特,0.015578973000000001
乌海,呼和浩特,0.014642532
通辽,呼和浩特,0.01362096
大同,呼和浩特,0.012939912
兴安盟,呼和浩特,0.008598231
朔州,呼和浩特,0.008257707
天津,呼和浩特,0.008257707
张家口,呼和浩特,0.007576659
阿拉善盟,呼和浩特,0.0074063969999999995
上海,呼和浩特,0.006895610999999999
西安,呼和浩特,0.006640218000000001
忻州,呼和浩特,0.006469956
石家庄,呼和浩特,0.0054483840000000006
保定,呼和浩特,0.00510786
成都,呼和浩特,0.005022729
太原,呼和浩特,0.005022729
廊坊,呼和浩特,0.0038308949999999
杭州,呼和浩特,0.003660633
榆林,呼和浩特,0.0033201090000000003
郑州,呼和浩特,0.003064716
沈阳,呼和浩特,0.003064716
银川,呼和浩特,0.0028944540000000003
重庆,呼和浩特,0.0028093229999999
哈尔滨,呼和浩特,0.0027241920000000003
沧州,呼和浩特,0.0022985370000000002
济南,呼和浩特,0.0022134060000000002
广州,呼和浩特,0.002128275
南京,呼和浩特,0.002128275
深圳,呼和浩特,0.0020431439999999998
唐山,呼和浩特,0.0018728820000000002
邯郸,呼和浩特,0.00170262
威海,呼和浩特,0.0014472270000000001
长春,呼和浩特,0.0014472270000000001
武汉,呼和浩特,0.001276965
邢台,呼和浩特,0.001276965
三亚,呼和浩特,0.001191834
大连,呼和浩特,0.001191834
青岛,呼和浩特,0.001191834
长沙,呼和浩特,0.001191834
吕梁,呼和浩特,0.001191834
乌鲁木齐,呼和浩特,0.0011067030000000001
兰州,呼和浩特,0.0010215719999999999
苏州,呼和浩特,0.0009364410000000001
厦门,呼和浩特,0.0009364410000000001
晋中,呼和浩特,0.0009364410000000001
福州,呼和浩特,0.0009364410000000001
潍坊,呼和浩特,0.00085131
临沂,呼和浩特,0.00085131
合肥,呼和浩特,0.00085131
温州,呼和浩特,0.000766179
西宁,呼和浩特,0.0006810480000000001
海口,呼和浩特,0.0006810480000000001
中卫,呼和浩特,0.0006810480000000001
徐州,呼和浩特,0.0006810480000000001
新乡,呼和浩特,0.000595917
南昌,呼和浩特,0.000595917
安阳,呼和浩特,0.000595917
承德,呼和浩特,0.000595917
聊城,呼和浩特,0.000595917
德州,呼和浩特,0.000595917
运城,呼和浩特,0.000595917
昆明,呼和浩特,0.000595917
秦皇岛,呼和浩特,0.000595917
烟台,呼和浩特,0.000595917
吴忠,呼和浩特,0.0005107859999999999
佛山,呼和浩特,0.0005107859999999999
金华,呼和浩特,0.0005107859999999999
衡水,呼和浩特,0.0005107859999999999
桂林,呼和浩特,0.0005107859999999999
焦作,呼和浩特,0.0005107859999999999
南阳,呼和浩特,0.0005107859999999999
临汾,呼和浩特,0.0005107859999999999
鞍山,呼和浩特,0.0005107859999999999
延安,呼和浩特,0.0005107859999999999
嘉兴,呼和浩特,0.0005107859999999999
菏泽,呼和浩特,0.0005107859999999999
济宁,呼和浩特,0.000425655
汉中,呼和浩特,0.000425655
大庆,呼和浩特,0.000425655
朝阳,呼和浩特,0.000425655
长治,呼和浩特,0.00034052400000000003
滨州,呼和浩特,0.00034052400000000003
南宁,呼和浩特,0.00034052400000000003
石嘴山,呼和浩特,0.00034052400000000003
咸阳,呼和浩特,0.00034052400000000003
齐齐哈尔,呼和浩特,0.00034052400000000003
吉林,呼和浩特,0.00034052400000000003
贵阳,呼和浩特,0.00034052400000000003
泰安,呼和浩特,0.00034052400000000003
南通,呼和浩特,0.00034052400000000003
无锡,呼和浩特,0.00034052400000000003
东莞,呼和浩特,0.00034052400000000003
绍兴,呼和浩特,0.00034052400000000003
银川,固原,0.057334728960000005
中卫,固原,0.03688706628
平凉,固原,0.02286739512
吴忠,固原,0.01817570016
庆阳,固原,0.010842617879999999
西安,固原,0.00602162424
兰州,固原,0.00301081212
石嘴山,固原,0.0029738696399999
白银,固原,0.00262291608
天水,固原,0.00236431872
咸阳,固原,0.00160699788
鄂尔多斯,固原,0.00099744696
宝鸡,固原,0.0009605044800000001
定西,固原,0.0008681482800000001
乌鲁木齐,固原,0.0008681482800000001
武威,固原,0.0007942633199999999
北京,固原,0.0006649646399999
陇南,固原,0.0006464934
海西蒙古族藏族自治州,固原,0.00060955092
苏州,固原,0.00048025224000000004
临夏回族自治州,固原,0.0004433097599999
成都,固原,0.00040636727999999995
巴彦淖尔,固原,0.00040636727999999995
乌海,固原,0.00040636727999999995
榆林,固原,0.00038789604
张掖,固原,0.00038789604
重庆,固原,0.00035095356
南阳,固原,0.00035095356
郑州,固原,0.00035095356
西宁,固原,0.0002770686
阿拉善盟,固原,0.0002770686
酒泉,固原,0.0002770686
三门峡,固原,0.0002770686
渭南,固原,0.0002770686
昌吉回族自治州,固原,0.00025859736000000003
金昌,固原,0.0002216548799999
新乡,固原,0.0002216548799999
保定,固原,0.0002216548799999
深圳,固原,0.00018471240000000002
石家庄,固原,0.00018471240000000002
德州,固原,0.00014776992
滁州,固原,0.00014776992
杭州,固原,0.00014776992
南宁,固原,0.00014776992
常州,固原,0.00014776992
上海,固原,0.00014776992
广州,固原,0.00012929868000000001
菏泽,固原,0.00012929868000000001
包头,固原,0.00012929868000000001
阿克苏地区,固原,0.00012929868000000001
伊犁哈萨克自治州,固原,0.00012929868000000001
天津,固原,0.00012929868000000001
商洛,固原,9.235620000000001e-05
太原,固原,9.235620000000001e-05
沈阳,固原,9.235620000000001e-05
温州,固原,9.235620000000001e-05
济南,固原,9.235620000000001e-05
哈密,固原,9.235620000000001e-05
佛山,固原,9.235620000000001e-05
周口,固原,9.235620000000001e-05
沧州,固原,9.235620000000001e-05
海南藏族自治州,固原,9.235620000000001e-05
张家口,固原,9.235620000000001e-05
大同,固原,9.235620000000001e-05
无锡,固原,9.235620000000001e-05
厦门,固原,9.235620000000001e-05
阜新,固原,9.235620000000001e-05
驻马店,固原,9.235620000000001e-05
拉萨,固原,9.235620000000001e-05
运城,固原,9.235620000000001e-05
海东,固原,9.235620000000001e-05
巴音郭楞蒙古自治州,固原,5.541371999999901e-05
百色,固原,5.541371999999901e-05
连云港,固原,5.541371999999901e-05
合肥,固原,5.541371999999901e-05
福州,固原,5.541371999999901e-05
宜昌,固原,5.541371999999901e-05
开封,固原,5.541371999999901e-05
聊城,固原,5.541371999999901e-05
柳州,固原,5.541371999999901e-05
呼和浩特,固原,5.541371999999901e-05
广元,固原,5.541371999999901e-05
绵阳,固原,5.541371999999901e-05
吐鲁番,固原,5.541371999999901e-05
廊坊,固原,5.541371999999901e-05
武汉,固原,5.541371999999901e-05
临汾,固原,5.541371999999901e-05
嘉峪关,固原,5.541371999999901e-05
甘南藏族自治州,固原,5.541371999999901e-05
博尔塔拉蒙古自治州,固原,5.541371999999901e-05
延安,固原,5.541371999999901e-05
济宁,固原,5.541371999999901e-05
安康,固原,5.541371999999901e-05
临沂,固原,1.847124e-05
徐州,固原,1.847124e-05
随州,固原,1.847124e-05
濮阳,固原,1.847124e-05
宁波,固原,1.847124e-05
宣城,固原,1.847124e-05
郴州,固原,1.847124e-05
喀什地区,图木舒克,0.0078723316799999
阿克苏地区,图木舒克,0.00067959648
乌鲁木齐,图木舒克,0.0004527252
巴音郭楞蒙古自治州,图木舒克,0.00019431576
克孜勒苏柯尔克孜自治州,图木舒克,0.00019431576
昌吉回族自治州,图木舒克,0.0001292047199999
和田地区,图木舒克,9.66492e-05
十堰,图木舒克,6.409368e-05
成都,图木舒克,6.409368e-05
秦皇岛,图木舒克,3.153816e-05
陇南,图木舒克,3.153816e-05
周口,图木舒克,3.153816e-05
重庆,图木舒克,3.153816e-05
南宁,图木舒克,3.153816e-05
台州,图木舒克,3.153816e-05
伊犁哈萨克自治州,图木舒克,3.153816e-05
漯河,图木舒克,3.153816e-05
济南,图木舒克,3.153816e-05
深圳,图木舒克,3.153816e-05
兰州,图木舒克,3.153816e-05
东莞,图木舒克,3.153816e-05
定西,图木舒克,3.153816e-05
南宁,崇左,0.25064030231999995
百色,崇左,0.02814877008
防城港,崇左,0.0172297044
钦州,崇左,0.01615025304
玉林,崇左,0.0137007287999999
深圳,崇左,0.0061860866399999
河池,崇左,0.0061860866399999
北海,崇左,0.0060200172
柳州,崇左,0.0051896699999999
桂林,崇左,0.00514815264
贵港,崇左,0.00510663528
广州,崇左,0.00506511792
东莞,崇左,0.0048575311199999
来宾,崇左,0.0033629061600000004
佛山,崇左,0.00307228464
中山,崇左,0.0019513159200000001
江门,崇左,0.0019097985600000002
文山壮族苗族自治州,崇左,0.0018682812
湛江,崇左,0.0018682812
梧州,崇左,0.0017437291199999998
重庆,崇左,0.0014531076000000001
阳江,崇左,0.0009133819199999999
昆明,崇左,0.0008303472
贵阳,崇左,0.00070579512
衡阳,崇左,0.00070579512
贺州,崇左,0.0006227603999999
惠州,崇左,0.0006227603999999
茂名,崇左,0.00058124304
上海,崇左,0.00058124304
杭州,崇左,0.00058124304
云浮,崇左,0.00058124304
黔西南布依族苗族自治州,崇左,0.00058124304
成都,崇左,0.00058124304
北京,崇左,0.00049820832
黔南布依族苗族自治州,崇左,0.00045669095999999995
长沙,崇左,0.00045669095999999995
潍坊,崇左,0.0004151736
郑州,崇左,0.0004151736
汕头,崇左,0.0003736562399999
红河哈尼族彝族自治州,崇左,0.0003736562399999
武汉,崇左,0.0003321388799999
怀化,崇左,0.0003321388799999
福州,崇左,0.00029062152
赣州,崇左,0.00029062152
苏州,崇左,0.00029062152
湘潭,崇左,0.00029062152
珠海,崇左,0.00029062152
肇庆,崇左,0.00029062152
常德,崇左,0.00029062152
合肥,崇左,0.00024910416
益阳,崇左,0.00024910416
淮安,崇左,0.00024910416
嘉兴,崇左,0.00024910416
金华,崇左,0.0002075868
清远,崇左,0.0002075868
海口,崇左,0.0002075868
南京,崇左,0.0002075868
娄底,崇左,0.0002075868
台州,崇左,0.0002075868
莆田,崇左,0.0001660694399999
南昌,崇左,0.0001660694399999
岳阳,崇左,0.0001660694399999
邵阳,崇左,0.0001660694399999
漯河,崇左,0.0001660694399999
宜春,崇左,0.0001660694399999
南充,崇左,0.0001660694399999
常州,崇左,0.0001660694399999
泉州,崇左,0.0001660694399999
芜湖,崇左,0.0001660694399999
三门峡,崇左,0.00012455208
九江,崇左,0.00012455208
厦门,崇左,0.00012455208
无锡,崇左,0.00012455208
永州,崇左,0.00012455208
保亭黎族苗族自治县,崇左,0.00012455208
遵义,崇左,0.00012455208
宜宾,崇左,0.00012455208
商丘,崇左,0.00012455208
沈阳,崇左,0.00012455208
楚雄彝族自治州,崇左,0.00012455208
达州,崇左,0.00012455208
临沂,崇左,0.00012455208
张家界,崇左,0.00012455208
西安,崇左,0.00012455208
汕尾,崇左,0.00012455208
潮州,崇左,0.00012455208
黔东南苗族侗族自治州,崇左,0.00012455208
天津,崇左,0.00012455208
安顺,崇左,0.00012455208
绍兴,崇左,0.00012455208
荆州,崇左,0.00012455208
揭阳,崇左,0.00012455208
德州,崇左,0.00012455208
宁波,崇左,0.00012455208
毕节,崇左,0.00012455208
漳州,崇左,0.00012455208
长春,崇左,0.00012455208
洛阳,崇左,0.00012455208
沧州,崇左,0.00012455208
郴州,崇左,8.303471999999999e-05
包头,巴彦淖尔,0.07340351544
鄂尔多斯,巴彦淖尔,0.04462451028
呼和浩特,巴彦淖尔,0.044257230360000004
乌海,巴彦淖尔,0.02182692096
阿拉善盟,巴彦淖尔,0.0158979736799999
北京,巴彦淖尔,0.00613882152
银川,巴彦淖尔,0.00600765012
乌兰察布,巴彦淖尔,0.00390890772
榆林,巴彦淖尔,0.00285953652
西安,巴彦淖尔,0.0026234279999999997
石嘴山,巴彦淖尔,0.0024922565999999
锡林郭勒盟,巴彦淖尔,0.0019413367199999998
天津,巴彦淖尔,0.0018888681600000002
张家口,巴彦淖尔,0.00133794828
通辽,巴彦淖尔,0.00133794828
保定,巴彦淖尔,0.0012854797199999
吴忠,巴彦淖尔,0.0012592454400000002
赤峰,巴彦淖尔,0.00102313692
兰州,巴彦淖尔,0.0007870284
廊坊,巴彦淖尔,0.0007870284
沧州,巴彦淖尔,0.0007607941199999
武威,巴彦淖尔,0.00073455984
咸阳,巴彦淖尔,0.0006558569999999999
唐山,巴彦淖尔,0.0006296227200000001
延安,巴彦淖尔,0.00060338844
重庆,巴彦淖尔,0.00060338844
石家庄,巴彦淖尔,0.00060338844
大同,巴彦淖尔,0.00057715416
太原,巴彦淖尔,0.00057715416
呼伦贝尔,巴彦淖尔,0.0005246856
中卫,巴彦淖尔,0.0005246856
郑州,巴彦淖尔,0.00049845132
深圳,巴彦淖尔,0.00047221704000000004
哈密,巴彦淖尔,0.00044598276
宝鸡,巴彦淖尔,0.0004197484799999
上海,巴彦淖尔,0.0004197484799999
忻州,巴彦淖尔,0.0004197484799999
秦皇岛,巴彦淖尔,0.0004197484799999
邯郸,巴彦淖尔,0.00036727992
定西,巴彦淖尔,0.00034104564
济南,巴彦淖尔,0.00034104564
天水,巴彦淖尔,0.00034104564
沈阳,巴彦淖尔,0.00034104564
杭州,巴彦淖尔,0.00031481136000000004
武汉,巴彦淖尔,0.00031481136000000004
广州,巴彦淖尔,0.00028857708
吕梁,巴彦淖尔,0.00028857708
成都,巴彦淖尔,0.00028857708
潍坊,巴彦淖尔,0.00028857708
朔州,巴彦淖尔,0.00028857708
渭南,巴彦淖尔,0.00023610852000000002
白银,巴彦淖尔,0.00023610852000000002
酒泉,巴彦淖尔,0.00023610852000000002
南阳,巴彦淖尔,0.00023610852000000002
临沂,巴彦淖尔,0.00023610852000000002
固原,巴彦淖尔,0.00023610852000000002
三亚,巴彦淖尔,0.00023610852000000002
衡水,巴彦淖尔,0.0002098742399999
菏泽,巴彦淖尔,0.0002098742399999
烟台,巴彦淖尔,0.0002098742399999
西宁,巴彦淖尔,0.0002098742399999
厦门,巴彦淖尔,0.0002098742399999
塔城地区,巴彦淖尔,0.00018363996
滨州,巴彦淖尔,0.00018363996
德州,巴彦淖尔,0.00018363996
平凉,巴彦淖尔,0.00018363996
陇南,巴彦淖尔,0.00018363996
邢台,巴彦淖尔,0.00018363996
昌吉回族自治州,巴彦淖尔,0.00018363996
哈尔滨,巴彦淖尔,0.00018363996
张掖,巴彦淖尔,0.00018363996
乌鲁木齐,巴彦淖尔,0.00018363996
临汾,巴彦淖尔,0.00018363996
福州,巴彦淖尔,0.00015740568000000002
苏州,巴彦淖尔,0.00015740568000000002
长春,巴彦淖尔,0.00015740568000000002
庆阳,巴彦淖尔,0.00015740568000000002
无锡,巴彦淖尔,0.00015740568000000002
淄博,巴彦淖尔,0.00015740568000000002
晋中,巴彦淖尔,0.00015740568000000002
台州,巴彦淖尔,0.00015740568000000002
焦作,巴彦淖尔,0.0001049371199999
铁岭,巴彦淖尔,0.0001049371199999
阿克苏地区,巴彦淖尔,0.0001049371199999
大连,巴彦淖尔,0.0001049371199999
鞍山,巴彦淖尔,0.0001049371199999
泸州,巴彦淖尔,0.0001049371199999
宿迁,巴彦淖尔,0.0001049371199999
安阳,巴彦淖尔,0.0001049371199999
巴音郭楞蒙古自治州,巴彦淖尔,0.0001049371199999
周口,巴彦淖尔,7.870284000000001e-05
南京,巴彦淖尔,7.870284000000001e-05
淮北,巴彦淖尔,7.870284000000001e-05
濮阳,巴彦淖尔,7.870284000000001e-05
阿勒泰地区,巴彦淖尔,7.870284000000001e-05
新乡,巴彦淖尔,7.870284000000001e-05
温州,巴彦淖尔,7.870284000000001e-05
商丘,巴彦淖尔,7.870284000000001e-05
四平,巴彦淖尔,7.870284000000001e-05
洛阳,巴彦淖尔,7.870284000000001e-05
日喀则,拉萨,0.0548959064399999
山南,拉萨,0.0548155317599999
林芝,拉萨,0.038874553560000004
那曲,拉萨,0.0345611123999999
成都,拉萨,0.018834466680000002
重庆,拉萨,0.00439381584
海西蒙古族藏族自治州,拉萨,0.0038044015199999
北京,拉萨,0.0036168605999999
西宁,拉萨,0.003348945
昌都,拉萨,0.0031881956399999
阿里地区,拉萨,0.00278632224
西安,拉萨,0.00235765728
绵阳,拉萨,0.0015539104799999
咸阳,拉萨,0.00144674424
上海,拉萨,0.0013127864399999
兰州,拉萨,0.0012056202
广州,拉萨,0.0012056202
南京,拉萨,0.0011520370800000002
昆明,拉萨,0.00099128772
郑州,拉萨,0.00099128772
临夏回族自治州,拉萨,0.0009377046
杭州,拉萨,0.00088412148
德阳,拉萨,0.00088412148
南充,拉萨,0.0008305383599999
石家庄,拉萨,0.0007769552399999
长沙,拉萨,0.00069658056
遂宁,拉萨,0.00058941432
深圳,拉萨,0.0005626227599999
眉山,拉萨,0.0005626227599999
南宁,拉萨,0.00048224807999999996
乐山,拉萨,0.00042866496
甘孜藏族自治州,拉萨,0.00042866496
乌鲁木齐,拉萨,0.00042866496
佛山,拉萨,0.00042866496
自贡,拉萨,0.00040187339999999994
东莞,拉萨,0.00040187339999999994
果洛藏族自治州,拉萨,0.00040187339999999994
雅安,拉萨,0.00037508184
商丘,拉萨,0.00037508184
开封,拉萨,0.00037508184
宜宾,拉萨,0.00034829028
海东,拉萨,0.00034829028
天津,拉萨,0.00032149872000000003
贵阳,拉萨,0.00032149872000000003
阿坝藏族羌族自治州,拉萨,0.00032149872000000003
达州,拉萨,0.00032149872000000003
厦门,拉萨,0.00032149872000000003
周口,拉萨,0.00032149872000000003
驻马店,拉萨,0.00032149872000000003
张掖,拉萨,0.00032149872000000003
武汉,拉萨,0.0002679156
迪庆藏族自治州,拉萨,0.0002679156
内江,拉萨,0.0002679156
许昌,拉萨,0.0002679156
泸州,拉萨,0.0002679156
阜阳,拉萨,0.0002679156
遵义,拉萨,0.0002679156
廊坊,拉萨,0.00024112403999999998
南昌,拉萨,0.00024112403999999998
大理白族自治州,拉萨,0.00024112403999999998
洛阳,拉萨,0.00021433248
焦作,拉萨,0.00021433248
保定,拉萨,0.00021433248
合肥,拉萨,0.00021433248
徐州,拉萨,0.00021433248
海南藏族自治州,拉萨,0.00021433248
银川,拉萨,0.00021433248
青岛,拉萨,0.00021433248
马鞍山,拉萨,0.00018754092
天水,拉萨,0.00018754092
苏州,拉萨,0.00018754092
温州,拉萨,0.00018754092
泰安,拉萨,0.00018754092
甘南藏族自治州,拉萨,0.00018754092
无锡,拉萨,0.00018754092
晋中,拉萨,0.00018754092
广元,拉萨,0.00018754092
新乡,拉萨,0.00018754092
济南,拉萨,0.00018754092
随州,拉萨,0.00018754092
广安,拉萨,0.00018754092
菏泽,拉萨,0.00018754092
宝鸡,拉萨,0.00018754092
南阳,拉萨,0.0001607493599999
汉中,拉萨,0.0001607493599999
海口,拉萨,0.0001607493599999
黔东南苗族侗族自治州,拉萨,0.0001607493599999
漯河,拉萨,0.0001607493599999
长春,拉萨,0.0001607493599999
三亚,拉萨,0.0001607493599999
沈阳,拉萨,0.0001607493599999
常德,拉萨,0.0001607493599999
泰州,拉萨,0.00010716624
凉山彝族自治州,拉萨,0.00010716624
惠州,拉萨,0.00010716624
沧州,拉萨,0.00010716624
湘潭,拉萨,0.00010716624
定西,拉萨,0.00010716624
信阳,拉萨,0.00010716624
丽江,拉萨,0.00010716624
柳州,来宾,0.1552985946
南宁,来宾,0.08528660099999999
贵港,来宾,0.0332638002
河池,来宾,0.0187590006
桂林,来宾,0.0179891928
玉林,来宾,0.0171788688
百色,来宾,0.0057533004
梧州,来宾,0.0056317518
佛山,来宾,0.005550719399999999
东莞,来宾,0.0044972982
深圳,来宾,0.0044972982
广州,来宾,0.004456782
中山,来宾,0.0039705876000000005
钦州,来宾,0.0039300713999999
崇左,来宾,0.0034033608
贺州,来宾,0.0025930368
防城港,来宾,0.0021068424
北海,来宾,0.0019852938000000002
江门,来宾,0.0017421966
肇庆,来宾,0.0014990994
湛江,来宾,0.0014585832000000001
惠州,来宾,0.0013775507999999998
茂名,来宾,0.0011749698
长沙,来宾,0.0010129049999999
珠海,来宾,0.000607743
永州,来宾,0.0005672267999999
湘西土家族苗族自治州,来宾,0.0005267106
文山壮族苗族自治州,来宾,0.0005267106
重庆,来宾,0.0005267106
衡阳,来宾,0.00048619440000000004
金华,来宾,0.00048619440000000004
清远,来宾,0.00048619440000000004
黔东南苗族侗族自治州,来宾,0.00048619440000000004
贵阳,来宾,0.00048619440000000004
云浮,来宾,0.0004456782
成都,来宾,0.0004456782
黔南布依族苗族自治州,来宾,0.0004456782
绍兴,来宾,0.0004051619999999
杭州,来宾,0.0004051619999999
北京,来宾,0.0003241296
昆明,来宾,0.0002836133999999
宜春,来宾,0.0002836133999999
龙岩,来宾,0.00024309720000000002
阳江,来宾,0.00024309720000000002
岳阳,来宾,0.00024309720000000002
上海,来宾,0.00024309720000000002
郑州,来宾,0.00024309720000000002
武汉,来宾,0.00024309720000000002
黔西南布依族苗族自治州,来宾,0.00024309720000000002
郴州,来宾,0.0002025809999999
海口,来宾,0.0002025809999999
常州,来宾,0.0002025809999999
遵义,来宾,0.0002025809999999
台州,来宾,0.0002025809999999
焦作,来宾,0.0002025809999999
南昌,来宾,0.0001620648
邵阳,来宾,0.0001620648
吉安,来宾,0.0001620648
娄底,来宾,0.0001620648
福州,来宾,0.0001620648
苏州,来宾,0.0001620648
红河哈尼族彝族自治州,来宾,0.0001620648
漳州,来宾,0.00012154860000000001
嘉兴,来宾,0.00012154860000000001
济南,来宾,0.00012154860000000001
温州,来宾,0.00012154860000000001
韶关,来宾,0.00012154860000000001
南阳,来宾,0.00012154860000000001
孝感,来宾,0.00012154860000000001
湘潭,来宾,0.00012154860000000001
徐州,来宾,0.00012154860000000001
枣庄,来宾,0.00012154860000000001
株洲,来宾,0.00012154860000000001
西安,来宾,0.00012154860000000001
荆州,来宾,0.00012154860000000001
宁德,来宾,8.10324e-05
泉州,来宾,8.10324e-05
宝鸡,来宾,8.10324e-05
保定,来宾,8.10324e-05
河源,来宾,8.10324e-05
临沂,来宾,8.10324e-05
渭南,来宾,8.10324e-05
潮州,来宾,8.10324e-05
恩施土家族苗族自治州,来宾,8.10324e-05
铜仁,来宾,8.10324e-05
宁波,来宾,8.10324e-05
怀化,来宾,8.10324e-05
厦门,来宾,8.10324e-05
廊坊,来宾,8.10324e-05
无锡,来宾,8.10324e-05
天津,来宾,8.10324e-05
赣州,来宾,4.05162e-05
玉溪,来宾,4.05162e-05
信阳,来宾,4.05162e-05
梅州,来宾,4.05162e-05
绵阳,来宾,4.05162e-05
抚州,来宾,4.05162e-05
陵水黎族自治县,来宾,4.05162e-05
阿勒泰地区,来宾,4.05162e-05
商丘,来宾,4.05162e-05
来宾,柳州,0.18028674144
南宁,柳州,0.12697326720000002
桂林,柳州,0.08161474464
河池,柳州,0.07144158528
玉林,柳州,0.049718448
贵港,柳州,0.033502584960000005
黔东南苗族侗族自治州,柳州,0.01430361504
广州,柳州,0.01162646784
梧州,柳州,0.0094847500799999
贺州,柳州,0.00925528032
怀化,柳州,0.00856687104
深圳,柳州,0.0081079315199999
百色,柳州,0.0073430323199999
东莞,柳州,0.00719005248
钦州,柳州,0.007113562559999999
防城港,柳州,0.0065016431999999
佛山,柳州,0.006272173440000001
北海,柳州,0.0061956835199999
崇左,柳州,0.0049718447999999
重庆,柳州,0.0049718447999999
北京,柳州,0.0044364153599999
长沙,柳州,0.0044364153599999
湛江,柳州,0.0037480060799999
上海,柳州,0.00359502624
衡阳,柳州,0.00328906656
中山,柳州,0.0031360867200000003
贵阳,柳州,0.0031360867200000003
永州,柳州,0.0022946976000000003
邵阳,柳州,0.0022946976000000003
武汉,柳州,0.0022946976000000003
黔南布依族苗族自治州,柳州,0.00214171776
惠州,柳州,0.00214171776
杭州,柳州,0.0019122479999999999
成都,柳州,0.0018357580800000002
肇庆,柳州,0.0018357580800000002
石嘴山,柳州,0.0016062883199999
茂名,柳州,0.0016062883199999
江门,柳州,0.0016062883199999
南京,柳州,0.0015297983999999
昆明,柳州,0.0014533084799999
海口,柳州,0.00130032864
株洲,柳州,0.0012238387199999998
西安,柳州,0.0012238387199999998
珠海,柳州,0.0011473487999999
福州,柳州,0.0009943689599999
南昌,柳州,0.0009943689599999
金华,柳州,0.0008413891199999
铜仁,柳州,0.0008413891199999
临沂,柳州,0.0008413891199999
湘西土家族苗族自治州,柳州,0.0007648991999999
三亚,柳州,0.0007648991999999
厦门,柳州,0.0007648991999999
张家界,柳州,0.0007648991999999
聊城,柳州,0.0006884092799999
绍兴,柳州,0.0006884092799999
郴州,柳州,0.0006884092799999
云浮,柳州,0.0006884092799999
遵义,柳州,0.0006884092799999
苏州,柳州,0.0006884092799999
文山壮族苗族自治州,柳州,0.0006119193599999999
常州,柳州,0.0006119193599999999
保定,柳州,0.0006119193599999999
清远,柳州,0.0006119193599999999
岳阳,柳州,0.0006119193599999999
无锡,柳州,0.0006119193599999999
合肥,柳州,0.0006119193599999999
赣州,柳州,0.0006119193599999999
黔西南布依族苗族自治州,柳州,0.00053542944
郑州,柳州,0.00053542944
泸州,柳州,0.00045893952000000004
泉州,柳州,0.00045893952000000004
娄底,柳州,0.00045893952000000004
吉安,柳州,0.00045893952000000004
荆州,柳州,0.00045893952000000004
益阳,柳州,0.00045893952000000004
天津,柳州,0.00045893952000000004
漳州,柳州,0.00045893952000000004
常德,柳州,0.00045893952000000004
丽江,柳州,0.00045893952000000004
宁波,柳州,0.00038244959999999997
石家庄,柳州,0.00038244959999999997
安顺,柳州,0.00038244959999999997
襄阳,柳州,0.00038244959999999997
洛阳,柳州,0.00038244959999999997
揭阳,柳州,0.00038244959999999997
韶关,柳州,0.00038244959999999997
青岛,柳州,0.00038244959999999997
宜春,柳州,0.00038244959999999997
毕节,柳州,0.00038244959999999997
大理白族自治州,柳州,0.00038244959999999997
湘潭,柳州,0.00038244959999999997
绵阳,柳州,0.00038244959999999997
汕头,柳州,0.00038244959999999997
嘉兴,柳州,0.00038244959999999997
泰州,柳州,0.00030595967999999996
红河哈尼族彝族自治州,柳州,0.00030595967999999996
台州,柳州,0.00030595967999999996
南充,柳州,0.00030595967999999996
南阳,柳州,0.00030595967999999996
阳江,柳州,0.00030595967999999996
南宁,桂林,0.10644600096000001
柳州,桂林,0.09428301504
永州,桂林,0.036727447680000004
贺州,桂林,0.03593248128
广州,桂林,0.031639662719999996
玉林,桂林,0.02488244832
佛山,桂林,0.023531005440000002
来宾,桂林,0.02217956256
深圳,桂林,0.0210666096
梧州,桂林,0.02043063648
邵阳,桂林,0.017886744
河池,桂林,0.01486587168
东莞,桂林,0.0142298985599999
贵港,桂林,0.013196442240000002
北海,桂林,0.01065254976
长沙,桂林,0.01065254976
上海,桂林,0.010493556480000001
怀化,桂林,0.009857583359999998
百色,桂林,0.008585637120000001
北京,桂林,0.00826765056
衡阳,桂林,0.00802916064
中山,桂林,0.006995704320000001
钦州,桂林,0.006598221120000001
重庆,桂林,0.00643922784
崇左,桂林,0.00628023456
贵阳,桂林,0.0061212412799999
黔东南苗族侗族自治州,桂林,0.0061212412799999
赣州,桂林,0.005962248000000001
惠州,桂林,0.00540577152
江门,桂林,0.0052467782400000005
成都,桂林,0.005008288320000001
防城港,桂林,0.005008288320000001
肇庆,桂林,0.00445181184
南京,桂林,0.003974832
杭州,桂林,0.0038158387200000004
黔南布依族苗族自治州,桂林,0.0035773488
郴州,桂林,0.0034978521600000003
珠海,桂林,0.0031798656
湛江,桂林,0.0031798656
西安,桂林,0.00310036896
海口,桂林,0.00302087232
遵义,桂林,0.0029413756800000003
武汉,桂林,0.0028618790399999997
昆明,桂林,0.0026233891200000002
郑州,桂林,0.00254389248
茂名,桂林,0.0024643958399999995
沈阳,桂林,0.00222590592
清远,桂林,0.00222590592
宜春,桂林,0.00222590592
南昌,桂林,0.00222590592
厦门,桂林,0.0021464092800000003
保定,桂林,0.0021464092800000003
湘潭,桂林,0.0021464092800000003
潍坊,桂林,0.0020669126399999
云浮,桂林,0.0020669126399999
安顺,桂林,0.0020669126399999
娄底,桂林,0.001987416
石家庄,桂林,0.001987416
天津,桂林,0.001987416
泉州,桂林,0.001987416
韶关,桂林,0.0019079193600000002
三亚,桂林,0.00182842272
株洲,桂林,0.00182842272
济南,桂林,0.0017489260800000002
苏州,桂林,0.0017489260800000002
合肥,桂林,0.0015899328
徐州,桂林,0.0015899328
金华,桂林,0.00151043616
宁波,桂林,0.0014309395199999999
丽江,桂林,0.0014309395199999999
阳江,桂林,0.00135144288
文山壮族苗族自治州,桂林,0.00135144288
毕节,桂林,0.00135144288
揭阳,桂林,0.00127194624
河源,桂林,0.00127194624
岳阳,桂林,0.00127194624
新乡,桂林,0.0011924496000000001
恩施土家族苗族自治州,桂林,0.0011924496000000001
铜仁,桂林,0.0011924496000000001
嘉兴,桂林,0.0011924496000000001
益阳,桂林,0.0011924496000000001
吉安,桂林,0.0011924496000000001
福州,桂林,0.00111295296
临沂,桂林,0.00111295296
常德,桂林,0.0010334563199999
长春,桂林,0.0010334563199999
南阳,桂林,0.0010334563199999
温州,桂林,0.0010334563199999
常州,桂林,0.0010334563199999
汕头,桂林,0.0010334563199999
湘西土家族苗族自治州,桂林,0.0010334563199999
宜宾,桂林,0.0009539596800000001
上饶,桂林,0.0009539596800000001
烟台,桂林,0.0009539596800000001
宜昌,桂林,0.0009539596800000001
无锡,桂林,0.0008744630400000001
荆州,桂林,0.0008744630400000001
太原,桂林,0.0008744630400000001
南通,桂林,0.0008744630400000001
哈尔滨,桂林,0.0008744630400000001
南宁,梧州,0.05407100244
贵港,梧州,0.04689505368
佛山,梧州,0.04675793364
玉林,梧州,0.041730198839999996
贺州,梧州,0.0356512104
广州,梧州,0.03208608936
肇庆,梧州,0.026007100919999998
桂林,梧州,0.021390726239999998
中山,梧州,0.02015664588
东莞,梧州,0.014717550959999999
柳州,梧州,0.01307211048
云浮,梧州,0.012569337
深圳,梧州,0.0123408036
江门,梧州,0.009049922640000001
茂名,梧州,0.005759041679999999
来宾,梧州,0.0057133349999999
河池,梧州,0.00425072124
钦州,梧州,0.00310805424
珠海,梧州,0.00310805424
百色,梧州,0.00292522752
崇左,梧州,0.0027424008
湛江,梧州,0.0026966941200000003
惠州,梧州,0.00219392064
清远,梧州,0.0018282672
北海,梧州,0.00173685384
永州,梧州,0.00164544048
海口,梧州,0.0013712004
防城港,梧州,0.00127978704
长沙,梧州,0.00100554696
重庆,梧州,0.00100554696
北京,梧州,0.00086842692
文山壮族苗族自治州,梧州,0.00077701356
阳江,梧州,0.00073130688
成都,梧州,0.00073130688
郴州,梧州,0.00054848016
韶关,梧州,0.00054848016
衡阳,梧州,0.00054848016
上海,梧州,0.00054848016
泉州,梧州,0.00054848016
武汉,梧州,0.00050277348
杭州,梧州,0.00050277348
三亚,梧州,0.0004570668
赣州,梧州,0.0004570668
河源,梧州,0.0004570668
唐山,梧州,0.00041136012
黔西南布依族苗族自治州,梧州,0.00041136012
常德,梧州,0.00041136012
东方,梧州,0.00041136012
南京,梧州,0.00036565344
儋州,梧州,0.00036565344
黔南布依族苗族自治州,梧州,0.00036565344
揭阳,梧州,0.00031994676
益阳,梧州,0.00031994676
邵阳,梧州,0.00031994676
福州,梧州,0.00031994676
金华,梧州,0.00031994676
贵阳,梧州,0.00031994676
南昌,梧州,0.00031994676
铜仁,梧州,0.00031994676
潮州,梧州,0.00027424008
梅州,梧州,0.00027424008
黔东南苗族侗族自治州,梧州,0.0002285334
昆明,梧州,0.0002285334
娄底,梧州,0.0002285334
宜春,梧州,0.0002285334
怀化,梧州,0.00018282672
黄冈,梧州,0.00018282672
厦门,梧州,0.00018282672
吉安,梧州,0.00018282672
汕尾,梧州,0.00018282672
红河哈尼族彝族自治州,梧州,0.00018282672
株洲,梧州,0.00018282672
湘潭,梧州,0.00018282672
天津,梧州,0.00018282672
绍兴,梧州,0.00018282672
澄迈县,梧州,0.00018282672
宁波,梧州,0.00018282672
咸宁,梧州,0.00013712004
九江,梧州,0.00013712004
泸州,梧州,0.00013712004
万宁,梧州,0.00013712004
汕头,梧州,0.00013712004
扬州,梧州,0.00013712004
温州,梧州,0.00013712004
漳州,梧州,0.00013712004
毕节,梧州,0.00013712004
太原,梧州,0.00013712004
琼海,梧州,0.00013712004
抚州,梧州,0.00013712004
岳阳,梧州,0.00013712004
苏州,梧州,0.00013712004
定安县,梧州,9.141336e-05
荆州,梧州,9.141336e-05
徐州,梧州,9.141336e-05
青岛,梧州,9.141336e-05
楚雄彝族自治州,梧州,9.141336e-05
遵义,梧州,9.141336e-05
南阳,梧州,9.141336e-05
新乡,梧州,9.141336e-05
荆门,梧州,9.141336e-05
南宁,河池,0.16098548148
柳州,河池,0.06491563884
百色,河池,0.0344684808
黔南布依族苗族自治州,河池,0.02390698476
来宾,河池,0.01710166932
玉林,河池,0.016041100680000003
桂林,河池,0.012417491159999999
东莞,河池,0.00813102624
贵港,河池,0.0076891226400000005
深圳,河池,0.00649598292
广州,河池,0.00614246004
佛山,河池,0.00583312752
崇左,河池,0.00583312752
北海,河池,0.0048609396
贵阳,河池,0.0043748456399999
钦州,河池,0.00410970348
防城港,河池,0.0036677998799999998
重庆,河池,0.0030933252
中山,河池,0.00304913484
梧州,河池,0.0028723734000000003
黔东南苗族侗族自治州,河池,0.0022095179999999997
湛江,河池,0.0018559951199999998
遵义,河池,0.0015466626
长沙,河池,0.00145828188
江门,河池,0.0014140915199999
惠州,河池,0.00136990116
茂名,河池,0.0013257108
成都,河池,0.00123733008
贺州,河池,0.0011931397199999
毕节,河池,0.0011047589999999999
文山壮族苗族自治州,河池,0.0009279975599999999
阳江,河池,0.0009279975599999999
肇庆,河池,0.0008838072
昆明,河池,0.0008838072
上海,河池,0.0008396168400000001
海口,河池,0.0007954264799999
金华,河池,0.0007954264799999
黔西南布依族苗族自治州,河池,0.0007070457599999
珠海,河池,0.0007070457599999
永州,河池,0.0007070457599999
北京,河池,0.0007070457599999
郴州,河池,0.0006628554
邵阳,河池,0.00057447468
清远,河池,0.00053028432
武汉,河池,0.00048609395999999995
安顺,河池,0.00048609395999999995
合肥,河池,0.0004419036
德阳,河池,0.0004419036
云浮,河池,0.0004419036
衡阳,河池,0.0004419036
铜仁,河池,0.0003977132399999
沈阳,河池,0.0003535228799999
福州,河池,0.0003535228799999
株洲,河池,0.0003535228799999
南京,河池,0.0003535228799999
六盘水,河池,0.00030933252
泉州,河池,0.00030933252
怀化,河池,0.00026514216
揭阳,河池,0.00026514216
汕尾,河池,0.0002209518
湘潭,河池,0.0002209518
哈尔滨,河池,0.0002209518
汕头,河池,0.0002209518
淮安,河池,0.0002209518
温州,河池,0.0002209518
红河哈尼族彝族自治州,河池,0.0002209518
泸州,河池,0.0002209518
杭州,河池,0.0002209518
洛阳,河池,0.0002209518
嘉兴,河池,0.0001767614399999
上饶,河池,0.0001767614399999
苏州,河池,0.0001767614399999
乌兰察布,河池,0.0001767614399999
保定,河池,0.0001767614399999
三亚,河池,0.0001767614399999
宜宾,河池,0.0001767614399999
西安,河池,0.00013257108
绵阳,河池,0.00013257108
新余,河池,0.00013257108
大理白族自治州,河池,0.00013257108
厦门,河池,0.00013257108
丽水,河池,0.00013257108
宿迁,河池,0.00013257108
商丘,河池,0.00013257108
河源,河池,0.00013257108
赣州,河池,0.00013257108
湖州,河池,8.8380719999999e-05
连云港,河池,8.8380719999999e-05
曲靖,河池,8.8380719999999e-05
葫芦岛,河池,8.8380719999999e-05
宣城,河池,8.8380719999999e-05
昭通,河池,8.8380719999999e-05
娄底,河池,8.8380719999999e-05
南充,河池,8.8380719999999e-05
韶关,河池,8.8380719999999e-05
兰州,河池,8.8380719999999e-05
郑州,河池,8.8380719999999e-05
资阳,河池,8.8380719999999e-05
岳阳,河池,8.8380719999999e-05
宜春,河池,8.8380719999999e-05
南宁,玉林,0.13261134024000001
贵港,玉林,0.08530916436000001
茂名,玉林,0.0506071314
湛江,玉林,0.04909236012
东莞,玉林,0.037869282000000004
钦州,玉林,0.0368364834
北海,玉林,0.03153478392
梧州,玉林,0.0299511594
广州,玉林,0.02829868164
佛山,玉林,0.027679002480000003
深圳,玉林,0.025200285840000003
柳州,玉林,0.019141200719999998
中山,玉林,0.01266899616
桂林,玉林,0.0103279859999999
来宾,玉林,0.009501747120000001
百色,玉林,0.008124682320000002
河池,玉林,0.0072295902
江门,玉林,0.00605908512
惠州,玉林,0.0055771124399999
防城港,玉林,0.0055771124399999
崇左,玉林,0.0051639929999999
云浮,玉林,0.0038557814399999995
贺州,玉林,0.0037180749600000005
肇庆,玉林,0.003442662
珠海,玉林,0.00337380876
海口,玉林,0.0027541296000000003
重庆,玉林,0.001721331
阳江,玉林,0.00158362452
清远,玉林,0.00158362452
长沙,玉林,0.00158362452
上海,玉林,0.0014459180399999
文山壮族苗族自治州,玉林,0.00110165184
北京,玉林,0.00110165184
儋州,玉林,0.0010327986
武汉,玉林,0.0008262388799999
昆明,玉林,0.0008262388799999
杭州,玉林,0.0008262388799999
三亚,玉林,0.00075738564
黔西南布依族苗族自治州,玉林,0.00075738564
南昌,玉林,0.0006885324000000001
黔南布依族苗族自治州,玉林,0.0006885324000000001
衡阳,玉林,0.0006196791599999
金华,玉林,0.0006196791599999
贵阳,玉林,0.0006196791599999
河源,玉林,0.0006196791599999
成都,玉林,0.00055082592
邵阳,玉林,0.00055082592
永州,玉林,0.00048197267999999994
赣州,玉林,0.00048197267999999994
黔东南苗族侗族自治州,玉林,0.00048197267999999994
怀化,玉林,0.00048197267999999994
岳阳,玉林,0.00048197267999999994
西安,玉林,0.00048197267999999994
泉州,玉林,0.0004131194399999
南京,玉林,0.00034426620000000004
益阳,玉林,0.00034426620000000004
娄底,玉林,0.00034426620000000004
梅州,玉林,0.00034426620000000004
琼海,玉林,0.00034426620000000004
郑州,玉林,0.00034426620000000004
郴州,玉林,0.00034426620000000004
韶关,玉林,0.00034426620000000004
株洲,玉林,0.00034426620000000004
孝感,玉林,0.00027541296
吉安,玉林,0.00027541296
苏州,玉林,0.00027541296
宜春,玉林,0.00027541296
六盘水,玉林,0.00027541296
常德,玉林,0.00027541296
福州,玉林,0.00027541296
湘西土家族苗族自治州,玉林,0.00027541296
绍兴,玉林,0.00027541296
红河哈尼族彝族自治州,玉林,0.00027541296
天津,玉林,0.00027541296
遵义,玉林,0.00027541296
汕头,玉林,0.00027541296
澄迈县,玉林,0.0002065597199999
温州,玉林,0.0002065597199999
抚州,玉林,0.0002065597199999
无锡,玉林,0.0002065597199999
揭阳,玉林,0.0002065597199999
宁波,玉林,0.0002065597199999
襄阳,玉林,0.0002065597199999
文昌,玉林,0.0002065597199999
常州,玉林,0.0002065597199999
三门峡,玉林,0.0002065597199999
乐东黎族自治县,玉林,0.0002065597199999
汕尾,玉林,0.0002065597199999
东方,玉林,0.00013770648
漳州,玉林,0.00013770648
亳州,玉林,0.00013770648
厦门,玉林,0.00013770648
昭通,玉林,0.00013770648
嘉兴,玉林,0.00013770648
驻马店,玉林,0.00013770648
台州,玉林,0.00013770648
玉溪,玉林,0.00013770648
咸阳,玉林,0.00013770648
毕节,玉林,0.00013770648
保定,玉林,0.00013770648
南宁,百色,0.19164620736
河池,百色,0.044147799360000003
文山壮族苗族自治州,百色,0.030059158319999998
黔西南布依族苗族自治州,百色,0.02995743528
崇左,百色,0.0277195284
玉林,百色,0.020649777119999997
钦州,百色,0.00961282728
曲靖,百色,0.00920593512
贵港,百色,0.009155073599999999
佛山,百色,0.008900766
柳州,百色,0.00849387384
深圳,百色,0.007985258640000001
广州,百色,0.0077309510400000005
东莞,百色,0.007680089520000001
桂林,百色,0.00645941304
昆明,百色,0.00630682848
防城港,百色,0.0053404596
北海,百色,0.0049844289600000004
中山,百色,0.0045775367999999995
江门,百色,0.00371289096
来宾,百色,0.0033059988
惠州,百色,0.0031534142399999
茂名,百色,0.002543076
梧州,百色,0.0024922144800000002
上海,百色,0.0023904914399999
重庆,百色,0.0023904914399999
贵阳,百色,0.0022887683999999998
湛江,百色,0.00218704536
肇庆,百色,0.0019327377600000001
黔南布依族苗族自治州,百色,0.0018310147199999
贺州,百色,0.0015258456
成都,百色,0.0014241225599999
珠海,百色,0.0013223995199999998
汕头,百色,0.00111895344
红河哈尼族彝族自治州,百色,0.00106809192
六盘水,百色,0.0009663688800000001
阳江,百色,0.0008646458399999
安顺,百色,0.00081378432
长沙,百色,0.0007629228
遵义,百色,0.0007629228
清远,百色,0.0007629228
北京,百色,0.0007629228
杭州,百色,0.0007120612799999
福州,百色,0.0007120612799999
云浮,百色,0.0006611997599999999
邵阳,百色,0.00061033824
大理白族自治州,百色,0.00061033824
聊城,百色,0.00061033824
泉州,百色,0.00061033824
毕节,百色,0.00055947672
厦门,百色,0.0005086152
衡阳,百色,0.0004577536799999
永州,百色,0.0004577536799999
凉山彝族自治州,百色,0.00040689216
怀化,百色,0.0003560306399999
梅州,百色,0.0003560306399999
丽江,百色,0.0003560306399999
玉溪,百色,0.0003560306399999
海口,百色,0.0003560306399999
南京,百色,0.0003560306399999
南昌,百色,0.0003560306399999
黔东南苗族侗族自治州,百色,0.0003560306399999
潮州,百色,0.0003560306399999
郑州,百色,0.00030516912
赣州,百色,0.00030516912
乐山,百色,0.00030516912
楚雄彝族自治州,百色,0.00030516912
韶关,百色,0.00030516912
益阳,百色,0.0002543076
宜春,百色,0.0002543076
揭阳,百色,0.0002543076
金华,百色,0.0002543076
合肥,百色,0.0002543076
莆田,百色,0.0002543076
漳州,百色,0.0002543076
保定,百色,0.0002543076
昭通,百色,0.0002543076
淮北,百色,0.0002543076
眉山,百色,0.00020344608
泸州,百色,0.00020344608
苏州,百色,0.00020344608
汕尾,百色,0.00020344608
西安,百色,0.00020344608
焦作,百色,0.00020344608
铜仁,百色,0.00020344608
湘潭,百色,0.00020344608
酒泉,百色,0.00015258456
常州,百色,0.00015258456
绍兴,百色,0.00015258456
宜昌,百色,0.00015258456
宜宾,百色,0.00015258456
台州,百色,0.00015258456
龙岩,百色,0.00015258456
南平,百色,0.00015258456
武汉,百色,0.00015258456
乐东黎族自治县,百色,0.00015258456
西双版纳傣族自治州,百色,0.00015258456
无锡,百色,0.00015258456
温州,百色,0.00015258456
太原,百色,0.00015258456
银川,石嘴山,0.13779443952
乌海,石嘴山,0.0151625779199999
鄂尔多斯,石嘴山,0.012883678559999999
吴忠,石嘴山,0.00929610432
阿拉善盟,石嘴山,0.00837100656
中卫,石嘴山,0.0061146705599999995
巴彦淖尔,石嘴山,0.0037455177600000003
固原,石嘴山,0.0029783635199999
西安,石嘴山,0.0020081390399999
榆林,石嘴山,0.0018727588800000001
北京,石嘴山,0.00166968864
兰州,石嘴山,0.0014891817599999
包头,石嘴山,0.00115073136
庆阳,石嘴山,0.0008574076800000001
白银,石嘴山,0.0007671542399999999
重庆,石嘴山,0.0007445908799999
宝鸡,石嘴山,0.00060921072
平凉,石嘴山,0.000564084
郑州,石嘴山,0.000564084
成都,石嘴山,0.0005415206399999
天津,石嘴山,0.0005415206399999
西宁,石嘴山,0.0004963939199999
保定,石嘴山,0.0004512672
沧州,石嘴山,0.0004512672
张家口,石嘴山,0.00038357711999999997
上海,石嘴山,0.00038357711999999997
三亚,石嘴山,0.00038357711999999997
张掖,石嘴山,0.0003384504
泰安,石嘴山,0.00031588704
杭州,石嘴山,0.00031588704
延安,石嘴山,0.00027076032
临汾,石嘴山,0.00027076032
菏泽,石嘴山,0.0002481969599999
唐山,石嘴山,0.0002481969599999
海西蒙古族藏族自治州,石嘴山,0.0002481969599999
朔州,石嘴山,0.0002481969599999
咸阳,石嘴山,0.0002481969599999
吕梁,石嘴山,0.0002256336
太原,石嘴山,0.0002256336
淮北,石嘴山,0.0002256336
德州,石嘴山,0.0002256336
大同,石嘴山,0.0002256336
南阳,石嘴山,0.0002256336
苏州,石嘴山,0.0002256336
乌兰察布,石嘴山,0.00018050688000000002
石家庄,石嘴山,0.00018050688000000002
运城,石嘴山,0.00018050688000000002
乌鲁木齐,石嘴山,0.00015794352
天水,石嘴山,0.00015794352
陇南,石嘴山,0.00015794352
张家界,石嘴山,0.00015794352
淄博,石嘴山,0.00015794352
邯郸,石嘴山,0.00015794352
扬州,石嘴山,0.00015794352
呼和浩特,石嘴山,0.00015794352
宁波,石嘴山,0.00015794352
南京,石嘴山,0.00015794352
周口,石嘴山,0.0001128168
三门峡,石嘴山,0.0001128168
徐州,石嘴山,0.0001128168
海东,石嘴山,0.0001128168
湖州,石嘴山,0.0001128168
渭南,石嘴山,0.0001128168
安阳,石嘴山,0.0001128168
哈尔滨,石嘴山,0.0001128168
厦门,石嘴山,0.0001128168
株洲,石嘴山,0.0001128168
长沙,石嘴山,0.0001128168
定西,石嘴山,9.025344000000001e-05
无锡,石嘴山,9.025344000000001e-05
廊坊,石嘴山,9.025344000000001e-05
九江,石嘴山,9.025344000000001e-05
忻州,石嘴山,9.025344000000001e-05
阿克苏地区,石嘴山,9.025344000000001e-05
宿州,石嘴山,9.025344000000001e-05
晋中,石嘴山,9.025344000000001e-05
潍坊,石嘴山,9.025344000000001e-05
武威,石嘴山,9.025344000000001e-05
昌吉回族自治州,石嘴山,4.5126720000000004e-05
六安,石嘴山,4.5126720000000004e-05
泰州,石嘴山,4.5126720000000004e-05
广元,石嘴山,4.5126720000000004e-05
阜新,石嘴山,4.5126720000000004e-05
赤峰,石嘴山,4.5126720000000004e-05
十堰,石嘴山,4.5126720000000004e-05
济宁,石嘴山,4.5126720000000004e-05
东营,石嘴山,4.5126720000000004e-05
韶关,石嘴山,4.5126720000000004e-05
达州,石嘴山,4.5126720000000004e-05
遵义,石嘴山,4.5126720000000004e-05
濮阳,石嘴山,4.5126720000000004e-05
揭阳,石嘴山,4.5126720000000004e-05
大连,石嘴山,4.5126720000000004e-05
酒泉,石嘴山,4.5126720000000004e-05
驻马店,石嘴山,4.5126720000000004e-05
福州,石嘴山,4.5126720000000004e-05
湘潭,石嘴山,4.5126720000000004e-05
兴安盟,石嘴山,4.5126720000000004e-05
吐鲁番,石嘴山,4.5126720000000004e-05
洛阳,石嘴山,4.5126720000000004e-05
塔城地区,石河子,0.09203148720000001
昌吉回族自治州,石河子,0.0429530688
乌鲁木齐,石河子,0.025616817000000004
伊犁哈萨克自治州,石河子,0.0060875388
克拉玛依,石河子,0.00472635
巴音郭楞蒙古自治州,石河子,0.001796013
博尔塔拉蒙古自治州,石河子,0.001701486
阿克苏地区,石河子,0.0011154186
成都,石河子,0.0008696483999999999
阿勒泰地区,石河子,0.0007751214
五家渠,石河子,0.0007751214
吐鲁番,石河子,0.0006616889999999999
哈密,石河子,0.0006616889999999999
西安,石河子,0.0005104458
北京,石河子,0.000472635
北屯,石河子,0.000472635
杭州,石河子,0.0004159188
和田地区,石河子,0.0003402972
合肥,石河子,0.00032139180000000003
上海,石河子,0.00032139180000000003
兰州,石河子,0.000283581
重庆,石河子,0.0002457702
天水,石河子,0.0002457702
双河,石河子,0.0002079594
喀什地区,石河子,0.0002079594
大连,石河子,0.0002079594
天津,石河子,0.00018905400000000002
张掖,石河子,0.00018905400000000002
白银,石河子,0.0001512432
广州,石河子,0.0001512432
南京,石河子,0.0001512432
洛阳,石河子,0.0001512432
铁门关,石河子,0.0001512432
济南,石河子,0.0001512432
郑州,石河子,0.0001134324
长春,石河子,0.0001134324
南充,石河子,9.452700000000001e-05
岳阳,石河子,9.452700000000001e-05
酒泉,石河子,9.452700000000001e-05
银川,石河子,9.452700000000001e-05
厦门,石河子,9.452700000000001e-05
滁州,石河子,9.452700000000001e-05
南阳,石河子,9.452700000000001e-05
武威,石河子,9.452700000000001e-05
定西,石河子,9.452700000000001e-05
可克达拉,石河子,5.67162e-05
马鞍山,石河子,5.67162e-05
嘉兴,石河子,5.67162e-05
甘南藏族自治州,石河子,5.67162e-05
宁波,石河子,5.67162e-05
襄阳,石河子,5.67162e-05
淮南,石河子,5.67162e-05
西宁,石河子,5.67162e-05
黔东南苗族侗族自治州,石河子,5.67162e-05
徐州,石河子,5.67162e-05
菏泽,石河子,5.67162e-05
金昌,石河子,5.67162e-05
宿州,石河子,5.67162e-05
阿拉尔,石河子,5.67162e-05
运城,石河子,5.67162e-05
乐山,石河子,5.67162e-05
苏州,石河子,5.67162e-05
六安,石河子,1.89054e-05
绵阳,石河子,1.89054e-05
达州,石河子,1.89054e-05
临沂,石河子,1.89054e-05
咸宁,石河子,1.89054e-05
延安,石河子,1.89054e-05
长沙,石河子,1.89054e-05
眉山,石河子,1.89054e-05
深圳,石河子,1.89054e-05
鞍山,石河子,1.89054e-05
泰州,石河子,1.89054e-05
广安,石河子,1.89054e-05
哈尔滨,石河子,1.89054e-05
宝鸡,石河子,1.89054e-05
赤峰,石河子,1.89054e-05
焦作,石河子,1.89054e-05
德宏傣族景颇族自治州,石河子,1.89054e-05
荆门,石河子,1.89054e-05
临夏回族自治州,石河子,1.89054e-05
连云港,石河子,1.89054e-05
昭通,石河子,1.89054e-05
沈阳,石河子,1.89054e-05
福州,石河子,1.89054e-05
吉林,石河子,1.89054e-05
武汉,石河子,1.89054e-05
扬州,石河子,1.89054e-05
昆玉,石河子,1.89054e-05
衡阳,石河子,1.89054e-05
大理白族自治州,石河子,1.89054e-05
荆州,石河子,1.89054e-05
嘉峪关,石河子,1.89054e-05
保定,石河子,1.89054e-05
抚州,石河子,1.89054e-05
阿拉善盟,石河子,1.89054e-05
驻马店,石河子,1.89054e-05
南宁,贵港,0.14031329976
玉林,贵港,0.1034356780799999
佛山,贵港,0.0589787179199999
来宾,贵港,0.042992046
梧州,贵港,0.0426735864
中山,贵港,0.0342025610399999
柳州,贵港,0.0303173539199999
广州,贵港,0.029489358960000003
东莞,贵港,0.019808187119999997
钦州,贵港,0.014139606240000002
深圳,贵港,0.0117193132799999
桂林,贵港,0.010827626399999998
江门,贵港,0.0080251819199999
河池,贵港,0.0079614899999999
百色,贵港,0.0064965758399999
肇庆,贵港,0.00598704048
北海,贵港,0.0047768939999999
崇左,贵港,0.0047132020799999
湛江,贵港,0.00439474248
贺州,贵港,0.0033119798399999
茂名,贵港,0.0032482879199999
惠州,贵港,0.0031209040799999
云浮,贵港,0.0024839848800000002
珠海,贵港,0.00242029296
防城港,贵港,0.00242029296
清远,贵港,0.0017833737600000002
长沙,贵港,0.0014012222399999
重庆,贵港,0.0013375303199999
黔南布依族苗族自治州,贵港,0.0010827626400000002
文山壮族苗族自治州,贵港,0.0010827626400000002
北京,贵港,0.00101907072
贵阳,贵港,0.00101907072
昆明,贵港,0.00101907072
黔东南苗族侗族自治州,贵港,0.0009553787999999
漳州,贵港,0.0008916868800000001
永州,贵港,0.0008279949599999
成都,贵港,0.0008279949599999
衡阳,贵港,0.0007006111199999
武汉,贵港,0.0006369192
阳江,贵港,0.00050953536
遵义,贵港,0.00050953536
怀化,贵港,0.00050953536
揭阳,贵港,0.00050953536
上海,贵港,0.00050953536
安顺,贵港,0.00050953536
潮州,贵港,0.00044584344000000005
杭州,贵港,0.00044584344000000005
韶关,贵港,0.00044584344000000005
毕节,贵港,0.00044584344000000005
泉州,贵港,0.00044584344000000005
河源,贵港,0.00044584344000000005
黔西南布依族苗族自治州,贵港,0.00038215152000000004
曲靖,贵港,0.00038215152000000004
郴州,贵港,0.00038215152000000004
海口,贵港,0.00038215152000000004
常德,贵港,0.00038215152000000004
邵阳,贵港,0.00038215152000000004
福州,贵港,0.0003184596
岳阳,贵港,0.0003184596
宁波,贵港,0.0003184596
汕尾,贵港,0.00025476768
金华,贵港,0.00025476768
厦门,贵港,0.00025476768
西安,贵港,0.00025476768
汕头,贵港,0.00025476768
天津,贵港,0.00025476768
石家庄,贵港,0.00025476768
张家界,贵港,0.00025476768
苏州,贵港,0.00019107576000000002
襄阳,贵港,0.00019107576000000002
湘潭,贵港,0.00019107576000000002
铜仁,贵港,0.00019107576000000002
玉溪,贵港,0.00019107576000000002
宜春,贵港,0.00019107576000000002
九江,贵港,0.00019107576000000002
邯郸,贵港,0.00019107576000000002
赣州,贵港,0.00019107576000000002
临沂,贵港,0.00019107576000000002
郑州,贵港,0.00019107576000000002
南昌,贵港,0.0001273838399999
红河哈尼族彝族自治州,贵港,0.0001273838399999
梅州,贵港,0.0001273838399999
太原,贵港,0.0001273838399999
娄底,贵港,0.0001273838399999
咸宁,贵港,0.0001273838399999
益阳,贵港,0.0001273838399999
徐州,贵港,0.0001273838399999
德州,贵港,0.0001273838399999
湘西土家族苗族自治州,贵港,0.0001273838399999
六盘水,贵港,0.0001273838399999
宁德,贵港,0.0001273838399999
镇江,贵港,0.0001273838399999
合肥,贵港,0.0001273838399999
保定,贵港,0.0001273838399999
莆田,贵港,0.0001273838399999
龙岩,贵港,0.0001273838399999
宜昌,贵港,0.0001273838399999
洛阳,贵港,0.0001273838399999
温州,贵港,0.0001273838399999
上饶,贵港,0.0001273838399999
桂林,贺州,0.04487799816000001
梧州,贺州,0.03839148252
南宁,贺州,0.0280875438
佛山,贺州,0.02625642216
永州,贺州,0.02271832272
广州,贺州,0.01992508632
肇庆,贺州,0.0136247864399999
中山,贺州,0.01092465792
深圳,贺州,0.01033497468
柳州,贺州,0.010272902759999999
东莞,贺州,0.0096211476
玉林,贺州,0.00943493184
清远,贺州,0.0058657964399999995
贵港,贺州,0.0051209333999999
江门,贺州,0.00412778268
河池,贺州,0.00301048812
云浮,贺州,0.0025449487199999
惠州,贺州,0.00235873296
来宾,贺州,0.0022966610399999
珠海,贺州,0.0018621576000000001
郴州,贺州,0.0015828339600000001
重庆,贺州,0.00133454628
百色,贺州,0.00133454628
茂名,贺州,0.00133454628
衡阳,贺州,0.0012724743599999
北海,贺州,0.0012414384
贵阳,贺州,0.0011483305199999
长沙,贺州,0.0011172945599999
钦州,贺州,0.00102418668
上海,贺州,0.00090004284
邵阳,贺州,0.00090004284
黔东南苗族侗族自治州,贺州,0.0008069349599999
韶关,贺州,0.0007758989999999
湛江,贺州,0.0007758989999999
阳江,贺州,0.0007448630400000001
北京,贺州,0.00068279112
崇左,贺州,0.00065175516
武汉,贺州,0.0005586472799999
黔南布依族苗族自治州,贺州,0.0004965753599999
赣州,贺州,0.0004965753599999
驻马店,贺州,0.00046553940000000003
河源,贺州,0.00046553940000000003
遵义,贺州,0.00043450344000000007
娄底,贺州,0.00043450344000000007
宜春,贺州,0.0004034674799999
防城港,贺州,0.0004034674799999
湘潭,贺州,0.00037243152000000004
梅州,贺州,0.00037243152000000004
怀化,贺州,0.00037243152000000004
泉州,贺州,0.00037243152000000004
成都,贺州,0.00034139556
昆明,贺州,0.0003103596
南京,贺州,0.0003103596
益阳,贺州,0.0003103596
郑州,贺州,0.0003103596
厦门,贺州,0.0003103596
杭州,贺州,0.0002793236399999
吉安,贺州,0.0002793236399999
天津,贺州,0.0002793236399999
岳阳,贺州,0.0002793236399999
漳州,贺州,0.0002793236399999
毕节,贺州,0.0002793236399999
株洲,贺州,0.0002793236399999
汕头,贺州,0.0002793236399999
福州,贺州,0.0002482876799999
揭阳,贺州,0.0002482876799999
南阳,贺州,0.0002482876799999
新余,贺州,0.00021725172000000003
常德,贺州,0.00021725172000000003
荆州,贺州,0.00021725172000000003
黔西南布依族苗族自治州,贺州,0.00021725172000000003
商丘,贺州,0.00021725172000000003
汕尾,贺州,0.00021725172000000003
铜仁,贺州,0.00021725172000000003
西安,贺州,0.00018621576000000002
南昌,贺州,0.00018621576000000002
随州,贺州,0.00018621576000000002
南充,贺州,0.00018621576000000002
龙岩,贺州,0.00018621576000000002
海口,贺州,0.0001551798
周口,贺州,0.0001551798
洛阳,贺州,0.0001241438399999
临高县,贺州,0.0001241438399999
温州,贺州,0.0001241438399999
嘉兴,贺州,0.0001241438399999
辽源,贺州,0.0001241438399999
金华,贺州,0.0001241438399999
抚州,贺州,0.0001241438399999
无锡,贺州,0.0001241438399999
常州,贺州,0.0001241438399999
石家庄,贺州,0.0001241438399999
眉山,贺州,0.0001241438399999
临沂,贺州,9.310788000000001e-05
宁德,贺州,9.310788000000001e-05
陵水黎族自治县,贺州,9.310788000000001e-05
张家界,贺州,9.310788000000001e-05
烟台,贺州,9.310788000000001e-05
南通,贺州,9.310788000000001e-05
南平,贺州,9.310788000000001e-05
湖州,贺州,9.310788000000001e-05
朝阳,赤峰,0.07774400088
通辽,赤峰,0.07077446927999999
锡林郭勒盟,赤峰,0.04910147424
承德,赤峰,0.030171327119999997
北京,赤峰,0.028507632480000003
呼和浩特,赤峰,0.020728735919999998
沈阳,赤峰,0.016816805280000003
唐山,赤峰,0.00998216784
兴安盟,赤峰,0.00912783816
天津,赤峰,0.008318473199999999
锦州,赤峰,0.007149390479999999
乌兰察布,赤峰,0.00656484912
呼伦贝尔,赤峰,0.00571051944
廊坊,赤峰,0.00557562528
包头,赤峰,0.005440731120000001
葫芦岛,赤峰,0.005440731120000001
鄂尔多斯,赤峰,0.004631366160000001
大连,赤峰,0.0035971776000000002
保定,赤峰,0.0034622834399999
阜新,赤峰,0.0033273892800000002
哈尔滨,赤峰,0.0033273892800000002
长春,赤峰,0.0033273892800000002
张家口,赤峰,0.00328242456
盘锦,赤峰,0.0030126362400000003
沧州,赤峰,0.00233816544
秦皇岛,赤峰,0.00233816544
石家庄,赤峰,0.0022932007199999
鞍山,赤峰,0.00215830656
营口,赤峰,0.0017985888000000001
白城,赤峰,0.00161872992
大同,赤峰,0.0015288004800000001
济南,赤峰,0.00139390632
重庆,赤峰,0.00139390632
潍坊,赤峰,0.0013489416
绥化,赤峰,0.0013489416
铁岭,赤峰,0.00130397688
四平,赤峰,0.0012590121599999
巴彦淖尔,赤峰,0.0012590121599999
邯郸,赤峰,0.00116908272
松原,赤峰,0.00116908272
齐齐哈尔,赤峰,0.0011241179999999
太原,赤峰,0.0010341885599999
上海,赤峰,0.0009892238400000001
丹东,赤峰,0.0009442591199999
南京,赤峰,0.0008992944000000001
郑州,赤峰,0.0008992944000000001
成都,赤峰,0.0008543296800000001
抚顺,赤峰,0.00080936496
滨州,赤峰,0.0007644002400000001
广州,赤峰,0.0007194355199999
吕梁,赤峰,0.0006744708
德州,赤峰,0.0006744708
辽阳,赤峰,0.0006744708
吉林,赤峰,0.0006295060799999
西安,赤峰,0.0006295060799999
淄博,赤峰,0.00058454136
临沂,赤峰,0.00058454136
大庆,赤峰,0.00053957664
杭州,赤峰,0.00053957664
烟台,赤峰,0.00053957664
邢台,赤峰,0.0004946119200000001
深圳,赤峰,0.0004946119200000001
衡水,赤峰,0.0004946119200000001
青岛,赤峰,0.0004946119200000001
泰安,赤峰,0.00044964720000000003
牡丹江,赤峰,0.00044964720000000003
乌海,赤峰,0.00044964720000000003
通化,赤峰,0.00044964720000000003
榆林,赤峰,0.00040468248
武汉,赤峰,0.00040468248
本溪,赤峰,0.00040468248
银川,赤峰,0.0003597177599999
忻州,赤峰,0.0003597177599999
运城,赤峰,0.0003147530399999
无锡,赤峰,0.0003147530399999
聊城,赤峰,0.0003147530399999
长沙,赤峰,0.0003147530399999
朔州,赤峰,0.0003147530399999
菏泽,赤峰,0.00026978832
苏州,赤峰,0.00026978832
济宁,赤峰,0.00022482360000000001
厦门,赤峰,0.00022482360000000001
金华,赤峰,0.00022482360000000001
延边朝鲜族自治州,赤峰,0.00022482360000000001
乌鲁木齐,赤峰,0.00022482360000000001
石嘴山,赤峰,0.00022482360000000001
濮阳,赤峰,0.00022482360000000001
阿拉善盟,赤峰,0.00022482360000000001
洛阳,赤峰,0.00022482360000000001
宁波,赤峰,0.00022482360000000001
宿迁,赤峰,0.00022482360000000001
开封,赤峰,0.00022482360000000001
南宁,赤峰,0.00022482360000000001
渭南,赤峰,0.00022482360000000001
阳泉,赤峰,0.0001798588799999
晋中,赤峰,0.0001798588799999
徐州,赤峰,0.0001798588799999
商丘,赤峰,0.0001798588799999
淮安,赤峰,0.0001798588799999
伊春,赤峰,0.0001798588799999
赤峰,通辽,0.06096389183999999
沈阳,通辽,0.0394307740799999
兴安盟,通辽,0.033383323799999996
四平,通辽,0.02230215768
阜新,通辽,0.02216233224
锡林郭勒盟,通辽,0.01947069252
松原,通辽,0.0150661911599999
长春,通辽,0.014402020319999998
呼和浩特,通辽,0.012759071399999999
北京,通辽,0.0119550751199999
铁岭,通辽,0.00873909
白城,通辽,0.0073757919599999
锦州,通辽,0.0069213592799999
呼伦贝尔,通辽,0.0057328430399999
大连,通辽,0.00447441408
天津,通辽,0.0037752868799999
朝阳,通辽,0.0036005050799999996
哈尔滨,通辽,0.0034606796399999
包头,通辽,0.0026566833600000003
鞍山,通辽,0.00216729432
葫芦岛,通辽,0.0019925125199999
营口,通辽,0.0019575561600000003
盘锦,通辽,0.0019575561600000003
唐山,通辽,0.0017827743599999
大庆,通辽,0.0017128616399999998
鄂尔多斯,通辽,0.0015730362
重庆,通辽,0.0015031234799999
辽源,通辽,0.0015031234799999
吉林,通辽,0.00146816712
丹东,通辽,0.00146816712
承德,通辽,0.0013283416800000001
齐齐哈尔,通辽,0.0013283416800000001
廊坊,通辽,0.0012584289599999
抚顺,通辽,0.0011535598800000001
西安,通辽,0.0010486908
石家庄,通辽,0.0009438217199999
绥化,通辽,0.0009088653599999999
辽阳,通辽,0.0008389526400000001
秦皇岛,通辽,0.00073408356
临沂,通辽,0.0006991272
本溪,通辽,0.0006991272
上海,通辽,0.0006991272
通化,通辽,0.0006641708400000001
保定,通辽,0.0006292144799999
青岛,通辽,0.0006292144799999
济南,通辽,0.00059425812
沧州,通辽,0.00059425812
滨州,通辽,0.00055930176
乌海,通辽,0.0004893890400000001
乌兰察布,通辽,0.0004893890400000001
张家口,通辽,0.00045443267999999994
牡丹江,通辽,0.00041947632000000003
潍坊,通辽,0.00041947632000000003
佳木斯,通辽,0.00038451996
白山,通辽,0.0003495636
郑州,通辽,0.0003495636
深圳,通辽,0.0003146072399999
厦门,通辽,0.0003146072399999
太原,通辽,0.00027965088
南京,通辽,0.00027965088
德州,通辽,0.00024469452000000004
广州,通辽,0.00024469452000000004
苏州,通辽,0.00024469452000000004
济宁,通辽,0.00024469452000000004
烟台,通辽,0.00024469452000000004
巴彦淖尔,通辽,0.00020973816000000001
镇江,通辽,0.00020973816000000001
运城,通辽,0.00020973816000000001
邢台,通辽,0.00020973816000000001
成都,通辽,0.00020973816000000001
杭州,通辽,0.00020973816000000001
大同,通辽,0.00020973816000000001
福州,通辽,0.00020973816000000001
东营,通辽,0.0001747818
桂林,通辽,0.0001747818
商丘,通辽,0.00013982544
聊城,通辽,0.00013982544
延边朝鲜族自治州,通辽,0.00013982544
洛阳,通辽,0.00013982544
温州,通辽,0.00013982544
淄博,通辽,0.00013982544
伊春,通辽,0.00013982544
新乡,通辽,0.00013982544
南昌,通辽,0.00013982544
大兴安岭地区,通辽,0.00010486908000000001
威海,通辽,0.00010486908000000001
咸阳,通辽,0.00010486908000000001
阿拉善盟,通辽,0.00010486908000000001
常州,通辽,0.00010486908000000001
兰州,通辽,0.00010486908000000001
长沙,通辽,0.00010486908000000001
泰安,通辽,0.00010486908000000001
南通,通辽,0.00010486908000000001
无锡,通辽,0.00010486908000000001
徐州,通辽,0.00010486908000000001
武汉,通辽,0.00010486908000000001
忻州,通辽,0.00010486908000000001
许昌,通辽,0.00010486908000000001
银川,通辽,6.991272e-05
延安,通辽,6.991272e-05
榆林,鄂尔多斯,0.18431975412
包头,鄂尔多斯,0.14096081052
呼和浩特,鄂尔多斯,0.1199007522
乌海,鄂尔多斯,0.08600998607999999
巴彦淖尔,鄂尔多斯,0.04840273908
忻州,鄂尔多斯,0.032474963880000006
银川,鄂尔多斯,0.030351260519999996
大同,鄂尔多斯,0.023980150440000004
北京,鄂尔多斯,0.01486592352
石嘴山,鄂尔多斯,0.013804071840000001
乌兰察布,鄂尔多斯,0.012742220159999998
朔州,鄂尔多斯,0.012034319040000001
张家口,鄂尔多斯,0.01159188084
吴忠,鄂尔多斯,0.0112379302799999
西安,鄂尔多斯,0.00991061568
吕梁,鄂尔多斯,0.0079638876
延安,鄂尔多斯,0.00592867188
保定,鄂尔多斯,0.00495530784
太原,鄂尔多斯,0.00477833256
阿拉善盟,鄂尔多斯,0.00468984492
天津,鄂尔多斯,0.00424740672
石家庄,鄂尔多斯,0.00415891908
济宁,鄂尔多斯,0.0030970674
郑州,鄂尔多斯,0.0030085797600000004
庆阳,鄂尔多斯,0.0028316044800000004
锡林郭勒盟,鄂尔多斯,0.00274311684
邢台,鄂尔多斯,0.00256614156
上海,鄂尔多斯,0.0023006786399999996
邯郸,鄂尔多斯,0.002212191
唐山,鄂尔多斯,0.002212191
重庆,鄂尔多斯,0.00212370336
成都,鄂尔多斯,0.00212370336
沧州,鄂尔多斯,0.0020352157199999997
中卫,鄂尔多斯,0.0019467280800000001
赤峰,鄂尔多斯,0.00185824044
泰安,鄂尔多斯,0.0017697528
晋中,鄂尔多斯,0.00168126516
渭南,鄂尔多斯,0.00168126516
咸阳,鄂尔多斯,0.00168126516
通辽,鄂尔多斯,0.0015042898800000002
兰州,鄂尔多斯,0.0014158022400000002
廊坊,鄂尔多斯,0.0013273146
沈阳,鄂尔多斯,0.00123882696
临汾,鄂尔多斯,0.0011503393199999998
南阳,鄂尔多斯,0.00106185168
徐州,鄂尔多斯,0.00106185168
济南,鄂尔多斯,0.00106185168
长治,鄂尔多斯,0.00106185168
德州,鄂尔多斯,0.0009733640400000001
兴安盟,鄂尔多斯,0.0009733640400000001
南京,鄂尔多斯,0.0008848764
新乡,鄂尔多斯,0.0008848764
阳泉,鄂尔多斯,0.0008848764
淮南,鄂尔多斯,0.0008848764
濮阳,鄂尔多斯,0.0007963887599999999
运城,鄂尔多斯,0.0007963887599999999
菏泽,鄂尔多斯,0.0007963887599999999
固原,鄂尔多斯,0.0007963887599999999
临沂,鄂尔多斯,0.0007079011200000001
杭州,鄂尔多斯,0.0007079011200000001
安阳,鄂尔多斯,0.0007079011200000001
潍坊,鄂尔多斯,0.00061941348
鞍山,鄂尔多斯,0.00061941348
武威,鄂尔多斯,0.00061941348
深圳,鄂尔多斯,0.00061941348
淄博,鄂尔多斯,0.00061941348
洛阳,鄂尔多斯,0.00061941348
白银,鄂尔多斯,0.00053092584
承德,鄂尔多斯,0.00053092584
开封,鄂尔多斯,0.00053092584
呼伦贝尔,鄂尔多斯,0.0004424382
秦皇岛,鄂尔多斯,0.0004424382
绥化,鄂尔多斯,0.0004424382
武汉,鄂尔多斯,0.0004424382
无锡,鄂尔多斯,0.0004424382
焦作,鄂尔多斯,0.0004424382
贵阳,鄂尔多斯,0.0004424382
晋城,鄂尔多斯,0.0004424382
枣庄,鄂尔多斯,0.0004424382
厦门,鄂尔多斯,0.0004424382
汉中,鄂尔多斯,0.0004424382
漯河,鄂尔多斯,0.0004424382
滨州,鄂尔多斯,0.0004424382
东营,鄂尔多斯,0.00035395056000000005
聊城,鄂尔多斯,0.00035395056000000005
衡水,鄂尔多斯,0.00035395056000000005
哈尔滨,鄂尔多斯,0.00035395056000000005
青岛,鄂尔多斯,0.00035395056000000005
盘锦,鄂尔多斯,0.00035395056000000005
十堰,鄂尔多斯,0.00035395056000000005
大连,鄂尔多斯,0.00035395056000000005
宝鸡,鄂尔多斯,0.00035395056000000005
福州,鄂尔多斯,0.00035395056000000005
长沙,鄂尔多斯,0.00035395056000000005
定西,鄂尔多斯,0.00035395056000000005
苏州,鄂尔多斯,0.00035395056000000005
广州,鄂尔多斯,0.00026546292
西宁,鄂尔多斯,0.00026546292
商丘,鄂尔多斯,0.00026546292
平凉,鄂尔多斯,0.00026546292
南宁,钦州,0.1747885392
北海,钦州,0.0811219536
防城港,钦州,0.0643957776
玉林,钦州,0.041257900800000004
东莞,钦州,0.02782120608
广州,钦州,0.02046168864
佛山,钦州,0.016112882880000002
贵港,钦州,0.01404998784
崇左,钦州,0.0126003859199999
深圳,钦州,0.00953392032
柳州,钦州,0.008976381120000002
中山,钦州,0.00880911936
百色,钦州,0.0080843184
湛江,钦州,0.006467454720000001
桂林,钦州,0.0048505910399999
河池,钦州,0.00434880576
茂名,钦州,0.004181544000000001
梧州,钦州,0.0038470204799999
来宾,钦州,0.00328948128
江门,钦州,0.0028992038399999
惠州,钦州,0.0026761881599999
肇庆,钦州,0.0022301568
海口,钦州,0.0016726176000000001
文山壮族苗族自治州,钦州,0.00128234016
贺州,钦州,0.0011150784
重庆,钦州,0.0011150784
珠海,钦州,0.00105932448
上海,钦州,0.00105932448
昆明,钦州,0.00100357056
贵阳,钦州,0.0008920627199999
阳江,钦州,0.0008920627199999
北京,钦州,0.0008363088000000001
长沙,钦州,0.0008363088000000001
云浮,钦州,0.0008363088000000001
儋州,钦州,0.0007805548799999
成都,钦州,0.0007248009599999
黔西南布依族苗族自治州,钦州,0.0006690470399999
清远,钦州,0.0006132931200000001
黔南布依族苗族自治州,钦州,0.00050178528
赣州,钦州,0.0003902774399999
曲靖,钦州,0.0003902774399999
天津,钦州,0.0003902774399999
杭州,钦州,0.0003345235199999
郴州,钦州,0.0003345235199999
无锡,钦州,0.0002787696
遵义,钦州,0.0002787696
邵阳,钦州,0.0002787696
厦门,钦州,0.0002787696
株洲,钦州,0.0002787696
三亚,钦州,0.0002787696
常德,钦州,0.0002230156799999
南通,钦州,0.0002230156799999
娄底,钦州,0.0002230156799999
福州,钦州,0.0002230156799999
宁波,钦州,0.0002230156799999
红河哈尼族彝族自治州,钦州,0.0002230156799999
揭阳,钦州,0.0002230156799999
永州,钦州,0.0002230156799999
安阳,钦州,0.0002230156799999
河源,钦州,0.0002230156799999
太原,钦州,0.0002230156799999
岳阳,钦州,0.0002230156799999
韶关,钦州,0.0002230156799999
怀化,钦州,0.0002230156799999
西安,钦州,0.0001672617599999
郑州,钦州,0.0001672617599999
乌鲁木齐,钦州,0.0001672617599999
自贡,钦州,0.0001672617599999
南京,钦州,0.0001115078399999
湘潭,钦州,0.0001115078399999
武汉,钦州,0.0001115078399999
万宁,钦州,0.0001115078399999
苏州,钦州,0.0001115078399999
金华,钦州,0.0001115078399999
泸州,钦州,0.0001115078399999
漳州,钦州,0.0001115078399999
石家庄,钦州,0.0001115078399999
沧州,钦州,0.0001115078399999
泉州,钦州,0.0001115078399999
恩施土家族苗族自治州,钦州,0.0001115078399999
咸阳,钦州,0.0001115078399999
枣庄,钦州,0.0001115078399999
萍乡,钦州,0.0001115078399999
绵阳,钦州,0.0001115078399999
新乡,钦州,0.0001115078399999
汕尾,钦州,0.0001115078399999
宜昌,钦州,0.0001115078399999
徐州,钦州,0.0001115078399999
扬州,钦州,0.0001115078399999
安顺,钦州,0.0001115078399999
梅州,钦州,0.0001115078399999
东方,钦州,0.0001115078399999
洛阳,钦州,0.0001115078399999
莆田,钦州,0.0001115078399999
焦作,钦州,0.0001115078399999
绍兴,钦州,0.0001115078399999
荆州,钦州,5.5753919999999e-05
温州,钦州,5.5753919999999e-05
吉林,钦州,5.5753919999999e-05
南充,钦州,5.5753919999999e-05
吴忠,银川,0.2596235814000001
石嘴山,银川,0.13512726504
中卫,银川,0.09172487952
固原,银川,0.05350617972
鄂尔多斯,银川,0.032947155
榆林,银川,0.03171712788
阿拉善盟,银川,0.025479133199999997
西安,银川,0.02082260196
北京,银川,0.01836254772
乌海,银川,0.01739609784
兰州,银川,0.01599035256
庆阳,银川,0.01432103004
巴彦淖尔,银川,0.0079073172
上海,银川,0.00711658548
成都,银川,0.00676514916
平凉,银川,0.00650157192
延安,银川,0.0061501356
重庆,银川,0.00518368572
白银,银川,0.00474439032
西宁,银川,0.00421723584
乌鲁木齐,银川,0.0034265041200000003
呼和浩特,银川,0.00325078596
郑州,银川,0.0030750678
包头,银川,0.00289934964
天津,银川,0.00289934964
咸阳,银川,0.00272363148
杭州,银川,0.00272363148
太原,银川,0.00246005424
南京,银川,0.00228433608
武威,银川,0.002196477
广州,银川,0.002196477
济南,银川,0.002196477
天水,银川,0.002196477
宝鸡,银川,0.00210861792
石家庄,银川,0.0020207588399999998
深圳,银川,0.0019328997600000003
武汉,银川,0.0015814634400000002
苏州,银川,0.0013178862
昆明,银川,0.0013178862
定西,银川,0.0013178862
长沙,银川,0.0013178862
厦门,银川,0.0013178862
徐州,银川,0.00123002712
渭南,银川,0.00114216804
佛山,银川,0.00114216804
张掖,银川,0.00105430896
保定,银川,0.00105430896
廊坊,银川,0.0009664498800000001
潍坊,银川,0.0009664498800000001
酒泉,银川,0.0009664498800000001
南昌,银川,0.0007907317200000001
三亚,银川,0.0007907317200000001
新乡,银川,0.0007907317200000001
南阳,银川,0.0007907317200000001
巴音郭楞蒙古自治州,银川,0.0007907317200000001
昌吉回族自治州,银川,0.0007907317200000001
常州,银川,0.0007907317200000001
聊城,银川,0.0007028726400000002
邯郸,银川,0.0007028726400000002
沈阳,银川,0.0007028726400000002
温州,银川,0.0007028726400000002
襄阳,银川,0.0007028726400000002
无锡,银川,0.0007028726400000002
运城,银川,0.0007028726400000002
济宁,银川,0.0007028726400000002
临沂,银川,0.00061501356
张家口,银川,0.00061501356
吕梁,银川,0.00061501356
宁波,银川,0.00061501356
扬州,银川,0.00061501356
湖州,银川,0.00061501356
南宁,银川,0.00061501356
大同,银川,0.00061501356
大连,银川,0.00061501356
汉中,银川,0.00052715448
合肥,银川,0.00052715448
海东,银川,0.00052715448
德州,银川,0.00052715448
沧州,银川,0.00052715448
张家界,银川,0.00052715448
商丘,银川,0.00052715448
海西蒙古族藏族自治州,银川,0.00052715448
安阳,银川,0.00052715448
忻州,银川,0.0004392954
金昌,银川,0.0004392954
泰安,银川,0.0004392954
邢台,银川,0.0004392954
哈尔滨,银川,0.0004392954
哈密,银川,0.0004392954
平顶山,银川,0.0004392954
周口,银川,0.0003514363200000001
开封,银川,0.0003514363200000001
盐城,银川,0.0003514363200000001
贵阳,银川,0.0003514363200000001
南通,银川,0.0003514363200000001
菏泽,银川,0.0003514363200000001
绵阳,银川,0.0003514363200000001
焦作,银川,0.0003514363200000001
阜阳,银川,0.0003514363200000001
桂林,银川,0.0003514363200000001
南宁,防城港,0.0915086484
钦州,防城港,0.0662457042
崇左,防城港,0.01756404
北海,防城港,0.0175054932
玉林,防城港,0.0154856286
柳州,防城港,0.008108731800000001
百色,防城港,0.005269212
桂林,防城港,0.0052106652
贵港,防城港,0.0044788302000000006
河池,防城港,0.003951909
湛江,防城港,0.0038055420000000003
广州,防城港,0.003659175
来宾,防城港,0.0029566134000000004
深圳,防城港,0.0028980665999999997
东莞,防城港,0.0020198646
梧州,防城港,0.0019320444
佛山,防城港,0.0013758498
昆明,防城港,0.0013465764
重庆,防城港,0.0012294828
成都,防城港,0.0011416625999999999
上海,防城港,0.0010538424
江门,防城港,0.0009952956
茂名,防城港,0.0009660222
长沙,防城港,0.0009660222
海口,防城港,0.0009367488
文山壮族苗族自治州,防城港,0.0009367488
北京,防城港,0.000878202
贵阳,防城港,0.000731835
福州,防城港,0.0006440148
珠海,防城港,0.0006440148
中山,防城港,0.0006440148
武汉,防城港,0.0005269212
黔南布依族苗族自治州,防城港,0.0004683744
邯郸,防城港,0.0004683744
厦门,防城港,0.000439101
邢台,防城港,0.000439101
惠州,防城港,0.000439101
黔西南布依族苗族自治州,防城港,0.000439101
曲靖,防城港,0.000439101
清远,防城港,0.0004098276
石家庄,防城港,0.0004098276
郑州,防城港,0.0004098276
廊坊,防城港,0.0003805542
杭州,防城港,0.0003805542
兰州,防城港,0.00035128080000000004
哈尔滨,防城港,0.00035128080000000004
苏州,防城港,0.00035128080000000004
红河哈尼族彝族自治州,防城港,0.00035128080000000004
长春,防城港,0.0003220074
阳江,防城港,0.0002634606
遵义,防城港,0.0002634606
南通,防城港,0.0002634606
衡阳,防城港,0.0002634606
济南,防城港,0.0002634606
永州,防城港,0.0002341872
金华,防城港,0.0002341872
天津,防城港,0.0002049138
宁波,防城港,0.0002049138
岳阳,防城港,0.0002049138
新乡,防城港,0.0002049138
漯河,防城港,0.0002049138
宜春,防城港,0.0002049138
株洲,防城港,0.0002049138
娄底,防城港,0.0002049138
黄冈,防城港,0.0002049138
襄阳,防城港,0.00017564040000000002
咸宁,防城港,0.00017564040000000002
上饶,防城港,0.00017564040000000002
六盘水,防城港,0.00017564040000000002
衢州,防城港,0.00017564040000000002
三亚,防城港,0.00017564040000000002
贺州,防城港,0.00017564040000000002
西安,防城港,0.00017564040000000002
毕节,防城港,0.00017564040000000002
云浮,防城港,0.00017564040000000002
大连,防城港,0.000146367
绍兴,防城港,0.000146367
金昌,防城港,0.000146367
肇庆,防城港,0.000146367
温州,防城港,0.000146367
太原,防城港,0.000146367
保定,防城港,0.000146367
嘉兴,防城港,0.000146367
德阳,防城港,0.000146367
湘潭,防城港,0.000146367
玉溪,防城港,0.000146367
青岛,防城港,0.000146367
唐山,防城港,0.000146367
盐城,防城港,0.000146367
宣城,防城港,0.0001170936
郴州,防城港,0.0001170936
鞍山,防城港,0.0001170936
通化,防城港,0.0001170936
常德,防城港,0.0001170936
自贡,防城港,0.0001170936
黔东南苗族侗族自治州,防城港,0.0001170936
赣州,防城港,0.0001170936
济宁,防城港,0.0001170936
绵阳,防城港,0.0001170936
泰安,防城港,0.0001170936
乌海,阿拉善盟,0.04181812596
中卫,阿拉善盟,0.02050449876
银川,阿拉善盟,0.017899499880000003
巴彦淖尔,阿拉善盟,0.01383412284
石嘴山,阿拉善盟,0.0116830252799999
酒泉,阿拉善盟,0.01040026068
白银,阿拉善盟,0.00986742
呼和浩特,阿拉善盟,0.00965033676
武威,阿拉善盟,0.0093148444799999
鄂尔多斯,阿拉善盟,0.0061375352399999
哈密,阿拉善盟,0.0036904150799999
吴忠,阿拉善盟,0.0035917408799999
北京,阿拉善盟,0.0031378395600000003
张掖,阿拉善盟,0.0027826124399999
金昌,阿拉善盟,0.0025260595199999
包头,阿拉善盟,0.0020721582000000002
嘉峪关,阿拉善盟,0.0018945446399999998
兰州,阿拉善盟,0.0017958704399999
西安,阿拉善盟,0.00161825688
榆林,阿拉善盟,0.0011840904
巴音郭楞蒙古自治州,阿拉善盟,0.0011840904
唐山,阿拉善盟,0.0009275374800000001
昌吉回族自治州,阿拉善盟,0.0007301890799999
乌鲁木齐,阿拉善盟,0.0007301890799999
乌兰察布,阿拉善盟,0.0007104542399999
重庆,阿拉善盟,0.0006709845599999999
天津,阿拉善盟,0.0006315148799999
石家庄,阿拉善盟,0.00061178004
成都,阿拉善盟,0.00051310584
吕梁,阿拉善盟,0.00047363615999999995
沧州,阿拉善盟,0.00047363615999999995
潍坊,阿拉善盟,0.00041443164
保定,阿拉善盟,0.00037496196000000006
阿克苏地区,阿拉善盟,0.00037496196000000006
南京,阿拉善盟,0.00037496196000000006
固原,阿拉善盟,0.00037496196000000006
晋中,阿拉善盟,0.0003552271199999
锡林郭勒盟,阿拉善盟,0.0003552271199999
赤峰,阿拉善盟,0.0003552271199999
廊坊,阿拉善盟,0.0003157574399999
上海,阿拉善盟,0.00027628776
合肥,阿拉善盟,0.00027628776
平凉,阿拉善盟,0.00027628776
渭南,阿拉善盟,0.00027628776
张家口,阿拉善盟,0.00025655292
新乡,阿拉善盟,0.00025655292
南阳,阿拉善盟,0.00025655292
庆阳,阿拉善盟,0.0002170832399999
葫芦岛,阿拉善盟,0.0002170832399999
大同,阿拉善盟,0.0002170832399999
忻州,阿拉善盟,0.0002170832399999
西宁,阿拉善盟,0.0001776135599999
咸阳,阿拉善盟,0.0001776135599999
通辽,阿拉善盟,0.0001776135599999
德州,阿拉善盟,0.0001776135599999
朔州,阿拉善盟,0.0001578787199999
杭州,阿拉善盟,0.0001578787199999
济南,阿拉善盟,0.0001578787199999
苏州,阿拉善盟,0.0001578787199999
海西蒙古族藏族自治州,阿拉善盟,0.0001578787199999
绵阳,阿拉善盟,0.0001578787199999
吐鲁番,阿拉善盟,0.0001578787199999
武汉,阿拉善盟,0.0001578787199999
徐州,阿拉善盟,0.0001578787199999
海北藏族自治州,阿拉善盟,0.00011840903999999999
盐城,阿拉善盟,0.00011840903999999999
秦皇岛,阿拉善盟,0.00011840903999999999
伊犁哈萨克自治州,阿拉善盟,0.00011840903999999999
甘南藏族自治州,阿拉善盟,0.00011840903999999999
东营,阿拉善盟,0.00011840903999999999
临汾,阿拉善盟,0.00011840903999999999
塔城地区,阿拉善盟,0.00011840903999999999
松原,阿拉善盟,0.00011840903999999999
太原,阿拉善盟,7.893935999999899e-05
临沂,阿拉善盟,7.893935999999899e-05
长沙,阿拉善盟,7.893935999999899e-05
宝鸡,阿拉善盟,7.893935999999899e-05
郑州,阿拉善盟,7.893935999999899e-05
哈尔滨,阿拉善盟,7.893935999999899e-05
聊城,阿拉善盟,7.893935999999899e-05
沈阳,阿拉善盟,7.893935999999899e-05
齐齐哈尔,阿拉善盟,7.893935999999899e-05
泰安,阿拉善盟,7.893935999999899e-05
鞍山,阿拉善盟,7.893935999999899e-05
焦作,阿拉善盟,7.893935999999899e-05
淮安,阿拉善盟,7.893935999999899e-05
滨州,阿拉善盟,5.920451999999999e-05
阿勒泰地区,阿拉善盟,5.920451999999999e-05
揭阳,阿拉善盟,5.920451999999999e-05
广州,阿拉善盟,5.920451999999999e-05
北屯,阿拉善盟,5.920451999999999e-05
平顶山,阿拉善盟,5.920451999999999e-05
贵阳,阿拉善盟,5.920451999999999e-05
衡水,阿拉善盟,5.920451999999999e-05
东莞,阿拉善盟,5.920451999999999e-05
常州,阿拉善盟,5.920451999999999e-05
延安,阿拉善盟,5.920451999999999e-05
洛阳,阿拉善盟,5.920451999999999e-05
铁岭,阿拉善盟,5.920451999999999e-05
长春,阿拉善盟,5.920451999999999e-05
阿克苏地区,阿拉尔,0.0488882660399999
乌鲁木齐,阿拉尔,0.0020377494
和田地区,阿拉尔,0.0020082167999999
巴音郭楞蒙古自治州,阿拉尔,0.0009391366799999
杭州,阿拉尔,0.0002894194799999
重庆,阿拉尔,0.0002894194799999
伊犁哈萨克自治州,阿拉尔,0.0002539803599999
石河子,阿拉尔,0.0002244477599999
西安,阿拉尔,0.0002244477599999
昌吉回族自治州,阿拉尔,0.0002244477599999
成都,阿拉尔,0.00018900863999999997
塔城地区,阿拉尔,0.00018900863999999997
北京,阿拉尔,0.00018900863999999997
兰州,阿拉尔,0.0001594760399999
吐鲁番,阿拉尔,0.0001594760399999
图木舒克,阿拉尔,0.0001594760399999
大连,阿拉尔,0.0001240369199999
运城,阿拉尔,0.0001240369199999
喀什地区,阿拉尔,0.0001240369199999
上海,阿拉尔,9.4504319999999e-05
开封,阿拉尔,9.4504319999999e-05
白银,阿拉尔,9.4504319999999e-05
南宁,阿拉尔,9.4504319999999e-05
菏泽,阿拉尔,9.4504319999999e-05
哈尔滨,阿拉尔,5.906519999999901e-05
潍坊,阿拉尔,5.906519999999901e-05
广安,阿拉尔,5.906519999999901e-05
克孜勒苏柯尔克孜自治州,阿拉尔,5.906519999999901e-05
衡水,阿拉尔,5.906519999999901e-05
武汉,阿拉尔,5.906519999999901e-05
沧州,阿拉尔,5.906519999999901e-05
吕梁,阿拉尔,5.906519999999901e-05
临汾,阿拉尔,5.906519999999901e-05
大同,阿拉尔,2.9532599999999e-05
盘锦,阿拉尔,2.9532599999999e-05
台州,阿拉尔,2.9532599999999e-05
许昌,阿拉尔,2.9532599999999e-05
黑河,阿拉尔,2.9532599999999e-05
阿勒泰地区,阿拉尔,2.9532599999999e-05
遂宁,阿拉尔,2.9532599999999e-05
武威,阿拉尔,2.9532599999999e-05
克拉玛依,阿拉尔,2.9532599999999e-05
绵阳,阿拉尔,2.9532599999999e-05
金华,阿拉尔,2.9532599999999e-05
宿迁,阿拉尔,2.9532599999999e-05
新乡,阿拉尔,2.9532599999999e-05
十堰,阿拉尔,2.9532599999999e-05
咸阳,阿拉尔,2.9532599999999e-05
三亚,阿拉尔,2.9532599999999e-05
济南,阿拉尔,2.9532599999999e-05
郑州,阿拉尔,2.9532599999999e-05
德阳,阿拉尔,2.9532599999999e-05
宁德,阿拉尔,2.9532599999999e-05
周口,阿拉尔,2.9532599999999e-05
宁波,阿拉尔,2.9532599999999e-05
陇南,阿拉尔,2.9532599999999e-05
天水,阿拉尔,2.9532599999999e-05
吉林,阿拉尔,2.9532599999999e-05
张掖,阿拉尔,2.9532599999999e-05
银川,阿拉尔,2.9532599999999e-05
哈密,阿拉尔,2.9532599999999e-05
太原,阿拉尔,2.9532599999999e-05
文山壮族苗族自治州,阿拉尔,2.9532599999999e-05
昆明,阿拉尔,2.9532599999999e-05
苏州,阿拉尔,2.9532599999999e-05
铁门关,阿拉尔,2.9532599999999e-05
五家渠,阿拉尔,2.9532599999999e-05
昭通,阿拉尔,2.9532599999999e-05
